+1;2013;tt2395385;223482;4763;5.5;14;2.7;0;0;2;1;1;0;0;0;0;0;0;0;0;0;4;2.9;0;0;0;1;1;0;5;2.9;0;0;0;1;0;0;0;0;0;0;0;0;0;0;
10.000 noches en ninguna parte;2013;tt1680303;180382;121;7.2;2;2.9;0;0;0;0;1;0;5;3.0;0;0;0;0;0;0;0;0;0;0;0;0;0;0;2;2.9;0;0;0;0;0;0;0;0;0;0;0;0;0;0;
100 Degrees Below Zero;2013;tt2538128;221267;1223;2.4;7;2.6;0;0;0;0;1;1;0;0;0;0;0;0;0;0;0;0;0;0;0;0;0;0;1;2.9;0;0;0;0;0;0;0;0;0;0;0;0;0;0;
100% cachemire;2013;tt2319018;203587;281;4.7;1254;2.1;12;35;51;58;43;49;3;2.9;0;0;0;1;0;0;2;3.0;0;0;0;0;0;0;2;3.0;0;0;0;0;0;0;2;3.0;0;0;0;0;0;0;
11.6;2013;tt2655788;209859;1234;5.8;1629;2.6;7;55;100;98;36;13;0;0;0;0;0;0;0;0;9;2.7;0;0;0;0;0;0;4;2.9;0;0;0;0;0;0;3;2.9;0;0;0;0;0;0;
12 ans d'âge;2013;tt2979414;214609;69;4.9;252;2.7;1;11;19;25;9;2;0;0;0;0;0;0;0;0;0;0;0;0;0;0;0;0;0;0;0;0;0;0;0;0;0;0;0;0;0;0;0;0;
12 Years a Slave;2013;tt2024544;196885;324128;8.1;11416;4.3;363;621;262;120;54;38;283;4.0;1;13;3;3;0;1;1244;4.6;63;42;15;4;1;2;320;4.2;8;22;6;4;1;2;129;4.2;8;12;7;1;0;0;
15 años y un día;2013;tt2368525;204610;497;5.9;4;2.9;0;1;0;0;0;0;22;3.0;0;0;1;2;1;0;0;0;0;0;0;0;0;0;3;2.9;0;0;0;0;0;0;3;2.9;0;0;0;0;0;0;
16 ans ou presque;2013;tt2947742;212754;299;5.1;1562;2.7;18;31;72;47;31;18;0;0;0;0;0;0;0;0;0;0;0;0;0;0;0;0;0;0;0;0;0;0;0;0;0;0;0;0;0;0;0;0;
1982;2013;tt2388621;223613;65;8.1;2;3.1;0;0;1;0;0;0;0;0;0;0;0;0;0;0;0;0;0;0;0;0;0;0;1;3.0;0;0;0;0;0;0;0;0;0;0;0;0;0;0;
2 automnes 3 hivers;2013;tt2871116;220994;278;6.6;415;3.1;19;27;15;8;8;2;2;3.0;0;0;0;0;0;0;0;0;0;0;0;0;0;0;2;3.0;0;0;1;0;0;0;0;0;0;0;0;0;0;0;
2 Guns;2013;tt1272878;189472;132703;6.8;2548;3.5;8;51;136;71;12;5;80;3.4;0;1;8;0;1;0;240;4.1;3;7;8;4;0;0;202;3.7;0;1;5;3;0;1;37;3.6;0;1;5;0;0;0;
20 ans d'écart;2013;tt2186812;209732;4372;6.4;6986;3.8;90;407;372;122;36;19;23;3.4;0;2;1;0;0;0;12;3.3;0;1;0;0;0;0;6;3.1;0;0;0;0;0;0;12;3.3;0;0;1;1;0;0;
21 & Over;2013;tt1711425;194474;51897;5.9;323;2.9;2;6;10;11;4;6;8;2.6;0;0;0;0;0;0;283;4.1;5;7;8;1;2;1;52;2.9;0;0;3;2;1;0;25;2.9;0;1;2;2;0;0;
Devil's Knot;2013;tt0804463;203064;9305;6.0;160;3.0;2;2;11;10;0;0;0;0;0;0;0;0;0;0;39;3.2;0;3;1;0;0;0;10;3.0;0;1;0;0;0;0;5;2.9;0;0;0;0;0;0;
3096 Tage;2013;tt1667355;182270;3750;6.3;27;3.3;0;4;2;0;0;0;4;2.9;0;0;0;0;0;0;0;0;0;0;0;0;0;0;65;3.5;0;2;2;0;0;0;0;0;0;0;0;0;0;0;
3x3D;2013;tt2693702;218367;222;5.8;20;2.9;0;0;2;0;0;0;2;3.1;0;0;0;0;0;0;2;3.1;0;0;0;0;0;0;2;3.1;0;0;0;0;0;0;2;3.1;0;0;0;0;0;0;
Les 4 soldats;2013;tt3053378;194689;95;5.9;4;2.8;0;0;0;2;0;0;1;3.0;0;0;0;0;0;0;0;0;0;0;0;0;0;0;1;3.0;0;0;0;0;0;0;0;0;0;0;0;0;0;0;
42;2013;tt0453562;135624;58040;7.5;425;4.2;9;16;23;2;0;0;0;0;0;0;0;0;0;0;75;4.1;5;4;1;0;0;0;39;3.6;2;0;1;0;0;0;6;3.2;0;0;0;0;0;0;
45 Minutes to Ramallah;2013;tt1562848;201776;126;5.7;2;3.0;0;0;0;0;0;0;2;3.0;0;0;0;0;0;0;0;0;0;0;0;0;0;0;6;3.0;0;1;0;0;0;0;2;3.0;0;0;0;0;0;0;
47 Ronin;2013;tt1335975;141505;99349;6.3;3423;3.3;34;112;166;114;67;19;112;3.2;0;4;6;1;0;1;544;4.0;17;24;28;13;7;1;146;3.2;1;3;6;7;1;3;126;3.8;4;8;10;7;4;1;
Five Dances;2013;tt2186781;221375;1235;7.1;40;3.7;2;4;1;1;1;0;0;0;0;0;0;0;0;0;0;0;0;0;0;0;0;0;2;3.1;0;0;0;0;0;0;0;0;0;0;0;0;0;0;
52 Tuesdays;2013;tt3100636;226070;405;6.7;1;3.0;0;0;0;0;0;0;0;0;0;0;0;0;0;0;0;0;0;0;0;0;0;0;1;3.0;0;0;0;0;0;0;1;3.0;0;0;0;0;0;0;
9 mois ferme;2013;tt2853614;213856;2690;6.5;8092;3.6;159;570;335;118;68;30;15;2.8;0;0;2;0;0;0;18;3.3;1;0;1;1;0;0;5;3.0;0;0;0;0;0;0;5;3.0;0;0;0;0;0;0;
Han Gong-ju;2013;tt3265462;225427;431;7.6;57;3.6;1;8;5;0;0;0;0;0;0;0;0;0;0;0;0;0;0;0;0;0;0;0;1;3.0;0;0;0;0;0;0;0;0;0;0;0;0;0;0;
A Madea Christmas;2013;tt2609758;216060;3580;4.4;3;3.0;0;0;0;0;0;0;1;3.0;0;0;0;0;0;0;0;0;0;0;0;0;0;0;1;3.0;0;0;0;0;0;0;0;0;0;0;0;0;0;0;
A Perfect Man;2013;tt2275471;224821;1154;5.2;1;3.0;0;0;0;0;0;0;0;0;0;0;0;0;0;0;0;0;0;0;0;0;0;0;1;3.0;0;0;0;0;0;0;0;0;0;0;0;0;0;0;
Yokomichi Yonosuke;2013;tt2151915;225747;606;7.7;2;3.1;0;0;0;0;0;0;0;0;0;0;0;0;0;0;0;0;0;0;0;0;0;0;1;3.0;0;0;0;0;0;0;0;0;0;0;0;0;0;0;
A Teacher;2013;tt2201548;208833;1879;4.9;14;2.6;0;0;0;0;0;1;1;3.0;0;0;0;0;0;0;0;0;0;0;0;0;0;0;1;3.0;0;0;0;0;0;0;0;0;0;0;0;0;0;0;
The Look of Love;2013;tt1951216;203726;4475;6.0;241;2.6;3;9;20;21;6;1;6;3.2;0;0;1;0;0;0;0;0;0;0;0;0;0;0;16;3.2;0;2;2;0;0;0;5;3.2;0;0;0;0;0;0;
A.C.O.D.;2013;tt1311060;196863;8537;5.7;100;2.3;0;1;3;7;0;1;5;3.1;1;0;1;0;0;0;17;3.1;0;1;0;1;0;0;5;2.9;0;0;0;0;0;0;4;3.0;0;0;0;0;0;0;
Aadhi Bhagavan;2013;tt1671446;219039;384;5.3;5;2.9;0;0;0;0;0;0;0;0;0;0;0;0;0;0;0;0;0;0;0;0;0;0;1;3.0;0;0;0;0;0;0;0;0;0;0;0;0;0;0;
Abner, the Invisible Dog;2013;tt2511022;224663;71;4.5;5;2.7;0;0;0;0;1;0;0;0;0;0;0;0;0;0;0;0;0;0;0;0;0;0;2;2.9;0;0;0;0;0;0;0;0;0;0;0;0;0;0;
Abus de faiblesse;2013;tt2418372;201599;399;5.8;173;2.3;4;10;12;13;7;3;2;3.0;0;0;0;0;0;0;6;3.2;0;1;0;0;0;0;2;3.0;0;0;0;0;0;0;2;3.0;0;0;0;0;0;0;
Truth or Dare;2013;tt2125681;209307;10;5.4;303;3.1;4;18;35;21;4;1;0;0;0;0;0;0;0;0;0;0;0;0;0;0;0;0;3;2.9;0;0;0;0;0;0;0;0;0;0;0;0;0;0;
Adieu Paris;2013;tt2094990;218405;96;6.1;16;3.1;0;1;1;1;0;0;0;0;0;0;0;0;0;0;0;0;0;0;0;0;0;0;3;3.0;0;0;0;0;0;0;0;0;0;0;0;0;0;0;
Admission;2013;tt1814621;189444;24997;5.7;0;0;0;0;0;0;0;0;0;0;0;0;0;0;0;0;0;0;0;0;0;0;0;0;7;3.1;0;1;0;0;0;0;6;3.0;0;0;0;1;0;0;
Adult World;2013;tt1067765;203394;8937;6.1;23;3.2;0;0;2;0;0;0;8;3.3;0;0;1;0;0;0;0;0;0;0;0;0;0;0;8;3.2;0;0;0;0;0;0;6;3.2;0;0;0;0;0;0;
Afflicted;2013;tt2309961;224493;11825;6.3;0;0;0;0;0;0;0;0;0;0;0;0;0;0;0;0;10;2.8;1;0;0;0;1;0;12;3.3;0;1;0;0;0;0;0;0;0;0;0;0;0;0;
Afternoon Delight;2013;tt2312890;216294;5907;5.8;84;2.7;0;2;3;6;0;0;3;3.0;0;0;0;0;0;0;0;0;0;0;0;0;0;0;3;3.0;0;0;0;0;0;0;0;0;0;0;0;0;0;0;
Afterparty;2013;tt2144007;202955;392;3.8;3;2.9;0;0;0;0;0;0;12;2.6;0;0;0;0;0;0;0;0;0;0;0;0;0;0;9;2.8;0;0;0;1;0;0;3;2.9;0;0;0;0;1;0;
Age of Dinosaurs;2013;tt2518926;221596;1341;2.9;58;1.7;0;0;1;2;8;3;3;2.8;0;0;0;0;0;0;0;0;0;0;0;0;0;0;2;2.9;0;0;0;0;0;0;0;0;0;0;0;0;0;0;
W imie...;2013;tt2650642;218035;1301;6.5;98;3.1;0;7;8;1;2;2;4;3.0;0;0;1;0;0;0;0;0;0;0;0;0;0;0;6;3.1;1;0;0;0;0;0;3;3.0;0;0;0;0;0;0;
Alan Partridge: Alpha Papa;2013;tt0469021;216932;20376;7.0;22;3.2;0;0;1;2;1;0;5;3.2;0;0;1;0;0;0;0;0;0;0;0;0;0;0;5;3.2;0;0;0;0;0;0;5;3.2;0;0;0;0;0;0;
Space Pirate Captain Harlock;2013;tt2668134;192934;6081;6.5;3646;3.5;95;181;154;121;55;35;5;3.2;0;0;0;0;0;0;0;0;0;0;0;0;0;0;10;3.2;0;1;1;0;0;0;0;0;0;0;0;0;0;0;
Alex Pandian;2013;tt2614032;217287;507;2.0;1;3.0;0;0;0;0;0;0;0;0;0;0;0;0;0;0;0;0;0;0;0;0;0;0;1;3.0;0;0;0;0;0;0;0;0;0;0;0;0;0;0;
Stranded;2013;tt2268573;218528;2914;3.4;89;1.5;0;1;1;4;5;15;0;0;0;0;0;0;0;0;48;2.2;0;0;1;0;9;4;11;2.4;0;0;0;0;1;4;0;0;0;0;0;0;0;0;
Enough Said;2013;tt2390361;223008;42046;7.1;305;3.3;2;12;34;6;2;0;33;3.2;0;0;6;0;1;0;70;3.7;3;6;6;0;0;0;28;3.1;0;0;3;0;0;0;12;3.1;0;2;0;0;0;0;
All Cheerleaders Die;2013;tt2527186;223741;4172;5.2;46;3.0;0;2;4;4;1;0;6;2.8;0;0;0;0;0;0;0;0;0;0;0;0;0;0;11;2.9;0;3;2;0;0;0;0;0;0;0;0;0;0;0;
All Is Bright;2013;tt1462901;223547;3830;5.6;6;2.8;0;0;0;0;1;0;3;2.9;0;0;0;1;0;0;0;0;0;0;0;0;0;0;7;2.8;0;0;1;0;0;0;3;2.9;0;0;0;0;0;0;
All Is Lost;2013;tt2017038;200956;49554;6.9;1308;3.3;17;76;78;42;22;18;34;2.8;0;0;4;0;1;0;102;3.3;3;2;10;2;2;1;89;3.4;1;5;5;0;2;0;26;3.3;0;3;3;2;0;0;
All the Wrong Reasons;2013;tt1568799;222938;340;6.2;0;0;0;0;0;0;0;0;0;0;0;0;0;0;0;0;0;0;0;0;0;0;0;0;1;3.0;0;0;0;0;0;0;0;0;0;0;0;0;0;0;
Vathikuchi;2013;tt2771926;223575;173;6.2;3;3.0;0;0;0;0;0;0;0;0;0;0;0;0;0;0;0;0;0;0;0;0;0;0;1;3.0;0;0;0;0;0;0;0;0;0;0;0;0;0;0;
Almost Human;2013;tt2325517;223024;1773;4.7;28;2.2;0;0;1;2;2;2;8;2.7;0;0;0;0;1;0;0;0;0;0;0;0;0;0;7;2.8;0;0;2;0;0;0;0;0;0;0;0;0;0;0;
Alone Yet Not Alone;2013;tt1986769;226473;365;3.8;2;3.1;0;0;0;0;0;0;5;3.3;0;0;0;0;0;0;0;0;0;0;0;0;0;0;2;3.1;0;0;0;0;0;0;0;0;0;0;0;0;0;0;
Alpha;2013;tt2121250;200647;63;5.9;1;3.0;0;0;0;0;0;0;7;2.8;0;1;3;0;0;0;0;0;0;0;0;0;0;0;1;3.0;0;0;0;0;0;0;0;0;0;0;0;0;0;0;
Am Hang;2013;tt2922690;206013;64;5.6;1;2.9;0;0;0;0;0;1;1;2.9;0;0;0;0;0;0;0;0;0;0;0;0;0;0;1;2.9;0;0;0;0;0;0;1;2.9;0;0;0;0;0;0;
Ain't Them Bodies Saints;2013;tt2388637;206994;13105;6.4;615;3.0;3;20;34;32;12;3;11;3.3;0;0;1;0;0;0;12;3.3;0;0;0;0;0;0;11;3.3;0;4;1;0;0;0;12;3.4;0;0;1;1;0;0;
Cheatin';2013;tt2361846;226095;217;7.3;61;3.4;0;8;3;0;2;0;2;3.1;0;0;0;0;0;0;0;0;0;0;0;0;0;0;2;3.1;0;0;0;0;0;0;2;3.1;0;0;0;0;0;0;
Amazonia;2013;tt1240899;213875;475;6.4;519;3.5;19;28;38;17;7;6;0;0;0;0;0;0;0;0;30;3.6;1;2;1;0;0;0;6;3.1;0;1;0;0;0;0;0;0;0;0;0;0;0;0;
Amen;2013;tt2786278;196876;1008;7.6;1;3.0;0;0;0;0;0;0;1;3.0;0;0;0;0;0;0;0;0;0;0;0;0;0;0;1;3.0;0;0;0;0;0;0;0;0;0;0;0;0;0;0;
American Hustle;2013;tt1800241;205330;298274;7.3;6427;3.4;28;197;278;173;60;29;257;3.1;1;9;16;8;1;5;968;4.1;15;31;27;22;9;2;369;3.8;5;14;13;7;5;5;92;3.6;2;5;5;6;0;1;
American Dreams in China;2013;tt2278392;224222;1105;7.1;2;3.0;0;0;0;0;0;0;0;0;0;0;0;0;0;0;0;0;0;0;0;0;0;0;1;3.0;0;0;0;0;0;0;0;0;0;0;0;0;0;0;
The Purge;2013;tt2184339;201653;108289;5.6;5225;2.5;35;120;282;264;148;89;122;2.8;0;3;9;5;2;3;345;3.6;7;13;20;16;3;6;222;2.7;1;4;6;11;8;3;38;3.4;0;2;4;2;1;0;
Pawn Shop Chronicles;2013;tt1741243;192338;7077;5.9;160;3.0;1;7;17;3;3;2;4;3.2;0;0;0;0;0;0;15;3.5;0;0;0;0;0;0;17;3.0;0;0;0;1;0;0;0;0;0;0;0;0;0;0;
Americano;2013;tt2447918;189242;11;7.5;249;2.6;2;5;18;13;8;2;0;0;0;0;0;0;0;0;4;2.9;0;0;0;0;0;0;3;3.1;0;0;0;0;0;0;3;3.1;0;0;0;0;0;0;
Les âmes de papier;2013;tt2571540;215989;49;5.6;165;1.8;2;10;3;4;7;3;0;0;0;0;0;0;0;0;0;0;0;0;0;0;0;0;0;0;0;0;0;0;0;0;0;0;0;0;0;0;0;0;
The Host;2013;tt1517260;173053;79447;5.9;4812;3.5;106;177;185;111;76;78;141;3.7;3;4;5;2;0;0;865;4.0;24;18;22;18;10;5;142;3.4;2;5;5;4;3;3;45;3.6;3;0;1;1;0;1;
Amour & turbulences;2013;tt2298384;209664;2058;6.3;2419;3.3;36;113;143;53;28;25;11;3.2;0;0;1;0;0;0;7;3.1;0;0;0;0;0;0;8;2.9;0;0;1;1;0;0;8;3.2;0;0;0;0;0;0;
Caníbal;2013;tt1718747;200213;1774;5.8;35;3.1;0;2;6;0;1;0;37;2.6;1;2;2;2;0;2;0;0;0;0;0;0;0;0;3;3.0;0;1;0;0;0;0;0;0;0;0;0;0;0;0;
Amsterdam;2013;tt2397431;194691;167;6.3;4;3.1;0;0;0;0;0;0;1;3.0;0;0;0;0;0;0;0;0;0;0;0;0;0;0;1;3.0;0;0;0;0;0;0;0;0;0;0;0;0;0;0;
Ana Arabia;2013;tt3092086;222982;121;6.0;79;2.4;1;3;7;6;1;2;0;0;0;0;0;0;0;0;0;0;0;0;0;0;0;0;2;3.0;0;0;0;0;0;0;0;0;0;0;0;0;0;0;
Midnight Stallion;2013;tt2257816;223619;152;4.7;3;3.2;2;0;0;0;0;0;0;0;0;0;0;0;0;0;0;0;0;0;0;0;0;0;1;3.0;0;0;0;0;0;0;0;0;0;0;0;0;0;0;
Angélique;2013;tt2776074;209768;704;6.0;660;2.6;22;42;49;29;31;40;0;0;0;0;0;0;0;0;4;3.1;0;0;0;0;0;0;6;3.0;1;0;0;0;1;0;0;0;0;0;0;0;0;0;
Angels Sing;2013;tt1833888;197870;1150;5.6;8;2.7;0;0;0;0;0;0;1;3.0;0;0;0;0;0;0;1;3.0;0;0;0;0;0;0;1;3.0;0;0;0;0;0;0;0;0;0;0;0;0;0;0;
Angel of the Skies;2013;tt3160230;222222;520;4.0;22;2.5;1;0;0;2;3;3;0;0;0;0;0;0;0;0;2;3.0;0;0;0;0;0;0;2;3.0;0;0;0;0;0;0;0;0;0;0;0;0;0;0;
Another Me;2013;tt1816608;224278;1947;4.7;0;0;0;0;0;0;0;0;20;2.6;0;0;1;3;2;0;0;0;0;0;0;0;0;0;6;2.9;0;0;0;1;0;0;0;0;0;0;0;0;0;0;
Antboy;2013;tt2436046;223306;737;5.4;66;2.2;0;0;1;8;7;0;5;3.0;0;0;0;0;0;0;19;3.4;0;0;0;0;0;0;9;3.0;0;0;0;0;0;0;0;0;0;0;0;0;0;0;
Les Apaches;2013;tt2848070;220880;187;5.8;300;2.7;4;10;31;19;6;11;0;0;0;0;0;0;0;0;0;0;0;0;0;0;0;0;1;3.0;0;0;0;0;0;0;1;3.0;0;0;0;0;0;0;
Fading Gigolo;2013;tt2258345;204226;15262;6.2;1079;3.1;7;34;73;41;10;5;34;2.8;0;2;3;0;1;1;79;3.6;1;6;5;1;1;0;14;3.2;0;0;0;0;0;0;8;3.0;0;0;0;0;0;0;
Aquadro;2013;tt2716374;225414;35;6.5;1;3.0;0;1;0;0;0;0;0;0;0;0;0;0;0;0;0;0;0;0;0;0;0;0;1;3.0;0;0;0;0;0;0;0;0;0;0;0;0;0;0;
L'arbitro;2013;tt3148468;224588;362;6.7;0;0;0;0;0;0;0;0;0;0;0;0;0;0;0;0;0;0;0;0;0;0;0;0;1;3.0;0;0;0;0;0;0;0;0;0;0;0;0;0;0;
Are You Here;2013;tt1545754;175182;7749;5.3;0;0;0;0;0;0;0;0;0;0;0;0;0;0;0;0;0;0;0;0;0;0;0;0;5;3.0;0;0;1;0;0;0;5;3.0;0;0;0;0;0;0;
Raze;2013;tt2111392;200076;3394;5.1;97;2.2;0;3;8;7;6;3;0;0;0;0;0;0;0;0;0;0;0;0;0;0;0;0;3;2.9;0;0;0;0;0;0;0;0;0;0;0;0;0;0;
Identity Thief;2013;tt2024432;196847;81974;5.7;845;2.5;4;14;28;42;20;11;43;2.8;0;1;2;0;2;0;154;3.8;4;4;2;5;1;0;116;2.7;0;1;2;2;5;0;21;2.9;0;0;3;3;0;0;
Arrêtez-moi;2013;tt2290129;194153;204;5.3;552;2.7;20;32;31;27;28;15;2;3.0;0;0;0;0;0;0;7;3.3;0;0;0;0;0;0;2;3.0;0;0;0;0;0;0;0;0;0;0;0;0;0;0;
The Art of the Steal;2013;tt2172985;222935;15369;6.3;186;3.3;1;3;10;4;1;0;7;3.0;0;0;1;1;0;0;24;3.5;0;0;0;0;0;0;14;3.2;0;0;1;1;0;0;8;3.1;0;1;2;0;0;0;
Artémis, coeur d'artichaut;2013;tt2767378;222513;24;6.5;35;3.3;1;3;3;0;0;1;0;0;0;0;0;0;0;0;0;0;0;0;0;0;0;0;0;0;0;0;0;0;0;0;0;0;0;0;0;0;0;0;
As Cool as I Am;2013;tt1906329;194850;3178;5.8;0;0;0;0;0;0;0;0;0;0;0;0;0;0;0;0;15;3.5;0;0;0;0;0;0;3;3.1;0;0;0;0;0;0;0;0;0;0;0;0;0;0;
As I Lay Dying;2013;tt1807944;189856;2643;5.4;136;3.1;0;3;6;7;2;1;5;3.0;0;0;0;1;0;0;7;3.1;0;0;0;0;0;0;11;3.1;0;0;0;0;0;0;6;2.9;0;0;0;1;0;0;
Asphalt Watches;2013;tt3106916;228604;44;5.7;0;0;0;0;0;0;0;0;0;0;0;0;0;0;0;0;0;0;0;0;0;0;0;0;1;3.0;0;0;0;0;0;0;0;0;0;0;0;0;0;0;
Ass Backwards;2013;tt1509788;183022;1578;4.2;19;2.7;0;0;0;1;0;0;4;3.0;0;0;0;0;0;0;4;3.0;0;0;0;0;0;0;4;3.0;0;0;0;0;0;0;0;0;0;0;0;0;0;0;
Assassins Run;2013;tt1502417;217568;941;4.4;3;3.1;0;0;1;0;0;0;2;3.0;0;0;0;0;0;0;51;3.7;2;2;2;1;2;0;2;3.0;0;0;0;0;0;0;0;0;0;0;0;0;0;0;
Supercollider;2013;tt2326124;226392;213;3.7;22;2.1;0;0;0;1;4;3;0;0;0;0;0;0;0;0;0;0;0;0;0;0;0;0;1;3.0;0;0;0;0;0;0;0;0;0;0;0;0;0;0;
Attila;2013;tt3184096;224792;384;1.9;1;3.1;0;0;0;0;0;0;0;0;0;0;0;0;0;0;1;3.1;0;0;0;0;0;0;1;3.1;0;0;0;0;0;0;0;0;0;0;0;0;0;0;
Attila Marcel;2013;tt2474438;54342;1205;7.0;389;3.6;10;32;24;15;5;1;0;0;0;0;0;0;0;0;9;3.2;0;0;1;0;0;0;3;3.1;0;0;0;0;0;0;7;3.2;0;0;1;0;0;0;
Au bonheur des ogres;2013;tt2129887;174297;582;6.3;1076;3.3;8;45;56;33;12;5;0;0;0;0;0;0;0;0;0;0;0;0;0;0;0;0;1;3.0;0;0;0;0;0;0;0;0;0;0;0;0;0;0;
Au bout du conte;2013;tt2241691;201455;861;6.0;2462;3.0;24;137;156;124;51;43;6;3.2;0;0;1;0;0;0;15;3.1;0;0;0;0;0;1;4;3.1;0;0;0;0;0;0;0;0;0;0;0;0;0;0;
Tore tanzt;2013;tt2822400;221135;557;6.9;24;3.2;1;3;2;1;0;0;2;3.0;0;0;0;0;0;0;0;0;0;0;0;0;0;0;10;3.2;0;0;0;0;0;0;2;3.0;0;0;0;0;0;0;
Avalanche Sharks;2013;tt2622826;221251;755;2.1;88;1.6;2;1;5;1;3;15;0;0;0;0;0;0;0;0;0;0;0;0;0;0;0;0;2;2.9;0;0;0;0;0;0;0;0;0;0;0;0;0;0;
Avant l'hiver;2013;tt2231630;212752;893;6.3;604;2.5;3;19;30;50;17;9;9;3.1;0;0;1;0;0;0;14;3.4;0;0;1;1;0;0;4;3.1;0;0;0;0;0;0;0;0;0;0;0;0;0;0;
Emil & Ida i Lönneberga;2013;tt3394878;226430;41;5.2;1;3.0;0;1;0;0;0;0;0;0;0;0;0;0;0;0;0;0;0;0;0;0;0;0;1;3.0;0;0;0;0;0;0;0;0;0;0;0;0;0;0;
The Adventurer: The Curse of the Midas Box;2013;tt1376213;223932;2995;5.4;94;2.4;0;3;4;5;2;1;6;3.1;0;0;0;1;0;0;5;3.2;0;0;0;0;0;0;3;3.1;0;0;0;0;0;0;0;0;0;0;0;0;0;0;
500 MPH Storm;2013;tt2518848;218234;1267;2.2;35;1.8;0;0;1;1;1;10;3;2.8;0;0;0;0;0;1;0;0;0;0;0;0;0;0;6;2.6;0;0;0;0;0;3;0;0;0;0;0;0;0;0;
Aya de Yopougon;2013;tt2077703;194895;151;6.5;530;3.9;8;23;22;7;4;2;1;3.0;0;0;0;0;0;0;0;0;0;0;0;0;0;0;1;3.0;0;0;0;0;0;0;0;0;0;0;0;0;0;0;
Baby Balloon;2013;tt3331326;228014;32;5.5;65;3.0;2;2;3;3;0;0;0;0;0;0;0;0;0;0;0;0;0;0;0;0;0;0;1;3.0;0;0;0;0;0;0;0;0;0;0;0;0;0;0;
Tomogui;2013;tt2403453;222839;147;6.7;0;0;0;0;0;0;0;0;0;0;0;0;0;0;0;0;0;0;0;0;0;0;0;0;1;3.0;0;0;0;0;0;0;0;0;0;0;0;0;0;0;
Jackass Presents: Bad Grandpa;2013;tt3063516;186887;69191;6.6;796;3.0;10;22;43;32;15;10;11;2.8;0;0;1;0;1;0;425;4.2;10;4;13;4;1;1;113;3.5;0;1;4;4;2;0;9;3.1;0;1;0;0;0;0;
Bad Words;2013;tt2170299;210042;28839;6.7;170;3.1;0;5;13;6;1;1;6;3.1;0;0;1;0;0;0;12;3.3;0;1;0;0;0;0;4;3.1;0;0;0;0;0;0;6;3.0;0;0;0;0;0;0;
Banklady;2013;tt1798108;199250;274;6.4;1;3.0;0;0;0;0;0;0;1;3.0;0;0;0;0;0;0;0;0;0;0;0;0;0;0;14;3.2;1;1;1;0;0;0;0;0;0;0;0;0;0;0;
Banshee Chapter;2013;tt2011276;196497;4111;5.5;4;2.9;0;0;0;0;0;0;2;3.0;0;0;0;0;0;0;0;0;0;0;0;0;0;0;8;3.1;0;3;0;0;0;0;0;0;0;0;0;0;0;0;
Barbie Mariposa and the Fairy Princess;2013;tt2946582;223604;319;5.7;6;3.3;0;0;0;0;0;0;0;0;0;0;0;0;0;0;0;0;0;0;0;0;0;0;1;3.0;0;0;0;0;0;0;0;0;0;0;0;0;0;0;
Barbie in the Pink Shoes;2013;tt2630134;221525;631;5.1;6;3.0;0;0;0;0;0;0;0;0;0;0;0;0;0;0;0;0;0;0;0;0;0;0;1;3.0;0;0;0;0;0;0;0;0;0;0;0;0;0;0;
Barbie in the Pink Shoes;2013;tt2630134;217259;631;5.1;16;3.1;1;0;1;0;0;0;0;0;0;0;0;0;0;0;0;0;0;0;0;0;0;0;5;3.1;1;0;0;0;0;0;0;0;0;0;0;0;0;0;
Tajemnica Westerplatte;2013;tt1808518;226168;403;4.8;3;2.8;0;0;0;0;0;0;0;0;0;0;0;0;0;0;0;0;0;0;0;0;0;0;2;2.9;0;0;0;0;0;0;0;0;0;0;0;0;0;0;
Battle of the Damned;2013;tt2210463;215593;2448;4.5;35;2.3;0;1;1;3;2;0;0;0;0;0;0;0;0;0;0;0;0;0;0;0;0;0;6;2.9;0;0;1;0;0;0;0;0;0;0;0;0;0;0;
Before Midnight;2013;tt2209418;208883;75323;8.0;600;3.5;8;17;31;17;6;3;48;3.3;1;3;1;1;1;0;156;4.2;19;8;4;4;3;1;53;3.8;4;2;1;1;0;0;20;3.2;0;2;1;0;1;0;
Bela Kiss: Prologue;2013;tt1830495;200955;423;4.1;1;3.0;0;0;0;0;0;0;1;3.0;0;0;0;0;0;0;0;0;0;0;0;0;0;0;13;2.9;0;0;1;1;0;1;0;0;0;0;0;0;0;0;
Believe;2013;tt2009606;228866;436;5.5;42;3.1;0;2;5;0;2;0;0;0;0;0;0;0;0;0;0;0;0;0;0;0;0;0;1;3.0;0;0;0;0;0;0;0;0;0;0;0;0;0;0;
Emma's Wings: A Bella Sara Tale;2013;tt2980206;223130;22;3.8;3;2.9;0;0;0;0;0;0;0;0;0;0;0;0;0;0;0;0;0;0;0;0;0;0;1;3.0;0;0;0;0;0;0;0;0;0;0;0;0;0;0;
Belle;2013;tt2404181;223209;12260;7.4;198;4.0;3;5;4;1;0;0;19;3.5;0;0;3;1;0;0;0;0;0;0;0;0;0;0;7;3.2;0;0;0;0;0;0;5;3.1;0;0;0;0;0;0;
Belle et Sébastien;2013;tt3146360;208626;1670;6.8;2059;4.1;95;174;89;45;13;8;0;0;0;0;0;0;0;0;4;3.2;0;0;1;0;0;0;0;0;0;0;0;0;0;0;0;0;0;0;0;0;0;0;
Bends;2013;tt2852460;220807;172;6.1;0;0;0;0;0;0;0;0;0;0;0;0;0;0;0;0;0;0;0;0;0;0;0;0;1;3.0;0;0;0;0;0;0;1;3.0;0;0;0;0;0;0;
Beneath;2013;tt2991296;221332;2204;5.5;9;2.8;0;0;1;1;2;0;0;0;0;0;0;0;0;0;2;3.0;0;0;0;0;0;0;3;2.9;0;0;0;2;0;0;0;0;0;0;0;0;0;0;
Beneath the Harvest Sky;2013;tt2313896;231491;602;6.2;1;3.0;0;0;0;0;0;0;0;0;0;0;0;0;0;0;0;0;0;0;0;0;0;0;1;3.0;0;0;0;0;0;0;0;0;0;0;0;0;0;0;
Benim Dünyam;2013;tt3159564;222761;2097;7.4;10;3.4;2;0;0;0;0;0;0;0;0;0;0;0;0;0;0;0;0;0;0;0;0;0;4;3.2;1;0;0;0;0;0;153;3.9;13;14;4;4;2;4;
Besharam;2013;tt2576450;223602;3670;3.7;8;3.3;0;0;1;0;0;0;0;0;0;0;0;0;0;0;0;0;0;0;0;0;0;0;2;3.1;0;0;0;0;0;0;0;0;0;0;0;0;0;0;
Best Night Ever;2013;tt2499414;221505;1519;3.8;2;2.9;0;0;0;1;0;0;2;2.9;0;0;0;0;0;0;0;0;0;0;0;0;0;0;3;2.9;0;0;0;0;0;1;0;0;0;0;0;0;0;0;
Bethlehem;2013;tt2915160;223339;1176;7.2;131;3.8;2;12;6;4;0;0;0;0;0;0;0;0;0;0;7;3.2;0;0;0;0;1;0;7;3.3;0;1;0;0;0;0;3;3.1;0;0;0;0;0;0;
Bien profond dans ton âme;2013;tt2791018;225285;15;6.2;29;3.4;0;11;2;1;2;0;0;0;0;0;0;0;0;0;0;0;0;0;0;0;0;0;1;3.0;0;0;0;0;0;0;0;0;0;0;0;0;0;0;
Big Bad Wolves;2013;tt2309224;222392;9748;6.8;424;3.2;5;38;29;13;10;3;24;3.2;0;1;3;2;0;0;0;0;0;0;0;0;0;0;9;3.3;0;2;1;0;0;0;4;3.1;0;0;0;0;0;0;
Big Sur;2013;tt1462411;192944;1183;5.8;0;0;0;0;0;0;0;0;4;3.1;0;0;1;0;0;0;0;0;0;0;0;0;0;0;4;3.1;0;0;0;0;0;0;5;3.2;0;0;0;0;0;0;
Birdemic 2: The Resurrection;2013;tt1674047;221182;1707;1.9;4;2.7;0;0;0;0;0;0;0;0;0;0;0;0;0;0;0;0;0;0;0;0;0;0;1;2.9;0;0;0;0;0;0;0;0;0;0;0;0;0;0;
Biriyani;2013;tt2638104;225598;668;6.0;6;3.2;1;0;0;1;0;0;0;0;0;0;0;0;0;0;0;0;0;0;0;0;0;0;1;3.0;0;0;0;0;0;0;0;0;0;0;0;0;0;0;
Black Nativity;2013;tt1425922;209793;1337;4.2;22;2.9;0;0;0;2;0;0;2;3.1;0;0;0;0;0;0;0;0;0;0;0;0;0;0;0;0;0;0;0;0;0;0;0;0;0;0;0;0;0;0;
Blackbird;2013;tt2963866;220518;54;7.9;260;3.9;6;29;15;2;1;0;0;0;0;0;0;0;0;0;0;0;0;0;0;0;0;0;1;3.0;0;0;0;0;0;0;0;0;0;0;0;0;0;0;
Blackbird;2013;tt2963866;215449;54;7.9;1;3.0;0;0;0;0;0;0;0;0;0;0;0;0;0;0;0;0;0;0;0;0;0;0;1;3.0;0;0;0;0;0;0;0;0;0;0;0;0;0;0;
Bless Me, Ultima;2013;tt1390398;217588;885;6.4;2;3.1;0;0;0;0;0;0;0;0;0;0;0;0;0;0;0;0;0;0;0;0;0;0;2;3.1;0;0;0;0;0;0;0;0;0;0;0;0;0;0;
Blinder;2013;tt1874434;233371;381;4.4;1;3.1;0;0;0;0;0;0;0;0;0;0;0;0;0;0;0;0;0;0;0;0;0;0;1;3.1;0;0;0;0;0;0;0;0;0;0;0;0;0;0;
The Bling Ring;2013;tt2132285;204184;57302;5.6;4523;2.5;17;75;181;200;109;60;34;2.8;0;1;1;1;1;0;306;3.8;1;6;6;2;3;0;89;2.7;2;1;1;1;3;3;21;3.3;0;0;5;0;0;0;
Blockbuster;2013;tt2998526;200652;42;7.1;1;3.0;0;0;0;0;0;0;1;3.0;0;0;0;0;0;0;0;0;0;0;0;0;0;0;1;3.0;0;0;0;0;0;0;0;0;0;0;0;0;0;0;
Blood of Redemption;2013;tt2510268;221367;969;4.5;20;2.4;0;0;1;2;4;1;0;0;0;0;0;0;0;0;0;0;0;0;0;0;0;0;4;2.9;0;0;0;0;0;0;0;0;0;0;0;0;0;0;
Blood Shot;2013;tt1196124;232524;489;3.0;2;3.0;0;0;1;0;0;0;0;0;0;0;0;0;0;0;0;0;0;0;0;0;0;0;1;3.0;0;0;0;0;0;0;0;0;0;0;0;0;0;0;
Blood Ties;2013;tt1747958;199113;10928;6.5;1755;3.3;25;77;104;70;38;12;0;0;0;0;0;0;0;0;0;0;0;0;0;0;0;0;12;3.3;0;5;1;0;0;0;9;3.2;0;2;1;0;0;0;
Blue Caprice;2013;tt2027064;196891;3911;6.0;23;3.0;0;1;1;1;0;0;3;3.1;0;0;0;0;0;0;0;0;0;0;0;0;0;0;3;3.1;0;0;0;0;0;0;0;0;0;0;0;0;0;0;
Blue Jasmine;2013;tt2334873;206191;123086;7.3;5570;3.7;56;283;251;126;38;28;157;3.6;3;11;5;0;1;0;454;4.1;20;27;14;3;0;1;112;3.8;2;6;1;1;1;1;43;3.6;1;6;3;1;0;0;
Blue Ruin;2013;tt2359024;220934;27509;7.1;1181;3.4;9;57;71;23;8;4;9;2.9;0;0;1;0;0;0;0;0;0;0;0;0;0;0;14;3.0;0;1;1;0;0;0;6;2.8;0;0;0;0;1;0;
Haunt;2013;tt2386278;216770;4794;5.2;0;0;0;0;0;0;0;0;3;3.0;0;0;0;0;0;0;54;3.1;0;1;2;4;0;3;10;3.1;0;0;2;0;0;0;0;0;0;0;0;0;0;0;
Svecenikova djeca;2013;tt2395421;222806;2255;6.8;0;0;0;0;0;0;0;0;7;3.1;0;1;1;0;0;0;31;3.7;4;1;0;0;0;0;9;3.0;0;0;0;0;0;0;0;0;0;0;0;0;0;0;
Borgman;2013;tt1954315;220803;8449;6.8;250;2.9;2;11;9;11;4;2;9;3.1;0;0;1;0;0;0;0;0;0;0;0;0;0;0;17;3.3;1;3;0;1;0;0;8;3.1;0;0;0;0;0;0;
Boss;2013;tt3667436;224722;21;5.9;6;3.2;0;1;0;0;0;0;0;0;0;0;0;0;0;0;0;0;0;0;0;0;0;0;2;3.0;0;0;0;0;0;0;0;0;0;0;0;0;0;0;
Boule & Bill;2013;tt2538654;134691;289;4.1;2294;1.8;27;67;112;121;105;124;0;0;0;0;0;0;0;0;0;0;0;0;0;0;0;0;4;3.1;0;2;1;0;0;0;0;0;0;0;0;0;0;0;
Bounty Killer;2013;tt2369396;44436;4589;5.4;132;2.8;0;10;7;4;8;1;2;3.0;0;0;0;0;0;0;0;0;0;0;0;0;0;0;8;3.0;2;0;1;0;0;1;0;0;0;0;0;0;0;0;
Breakfast with Jonny Wilkinson;2013;tt3198544;224623;35;5.7;1;3.0;0;0;0;0;0;0;1;3.0;0;0;0;0;0;0;0;0;0;0;0;0;0;0;1;3.0;0;0;0;0;0;0;0;0;0;0;0;0;0;0;
Breathe In;2013;tt1999987;196811;7501;6.4;0;0;0;0;0;0;0;0;4;3.0;0;0;1;0;0;0;16;3.4;0;0;0;0;0;0;6;2.9;0;0;0;0;0;0;0;0;0;0;0;0;0;0;
Brightest Star;2013;tt1877688;226159;657;5.1;4;3.1;0;0;0;0;0;0;0;0;0;0;0;0;0;0;2;3.0;0;0;0;0;0;0;2;3.0;0;0;0;0;0;0;0;0;0;0;0;0;0;0;
Broken City;2013;tt1235522;138189;56837;6.2;1419;2.9;2;23;69;86;16;5;64;2.9;0;0;3;0;1;0;82;3.7;0;0;4;2;0;0;95;3.1;0;1;3;2;0;0;23;3.3;0;0;0;0;1;0;
Bula Quo!;2013;tt2363115;219018;224;3.4;1;3.0;0;0;0;0;0;0;0;0;0;0;0;0;0;0;0;0;0;0;0;0;0;0;4;3.1;0;1;0;0;0;0;0;0;0;0;0;0;0;0;
Bullett Raja;2013;tt2551378;224736;2612;5.1;1;3.1;0;0;0;0;0;0;0;0;0;0;0;0;0;0;0;0;0;0;0;0;0;0;1;3.1;0;0;0;0;0;0;0;0;0;0;0;0;0;0;
Hatchet III;2013;tt1870419;219899;4531;5.6;62;2.6;1;5;7;7;4;3;0;0;0;0;0;0;0;0;0;0;0;0;0;0;0;0;8;2.8;0;0;0;1;0;0;0;0;0;0;0;0;0;0;
C.O.G.;2013;tt1650393;216312;2535;5.6;2;3.1;0;0;0;0;0;0;0;0;0;0;0;0;0;0;0;0;0;0;0;0;0;0;2;3.1;0;0;0;0;0;0;0;0;0;0;0;0;0;0;
Cadences obstinées;2013;tt2589070;216916;65;5.2;25;2.2;0;0;3;3;3;1;0;0;0;0;0;0;0;0;0;0;0;0;0;0;0;0;0;0;0;0;0;0;0;0;0;0;0;0;0;0;0;0;
Cal;2013;tt2139725;223518;226;5.4;2;2.9;0;0;0;0;1;0;0;0;0;0;0;0;0;0;0;0;0;0;0;0;0;0;1;3.0;0;0;0;0;0;0;0;0;0;0;0;0;0;0;
The Call;2013;tt1911644;193235;76873;6.7;2927;3.7;54;221;176;53;28;11;22;3.3;0;2;0;1;0;0;288;4.3;13;17;11;6;1;0;117;3.8;3;7;6;1;0;0;42;3.5;0;9;4;0;0;0;
Campus Life;2013;tt2639514;220544;49;6.1;5;2.7;0;0;0;0;0;0;0;0;0;0;0;0;0;0;0;0;0;0;0;0;0;0;1;3.0;0;0;0;0;0;0;0;0;0;0;0;0;0;0;
Can;2013;tt3114180;198931;12;7.2;1;3.0;0;0;0;0;0;0;1;3.0;0;0;0;0;0;0;0;0;0;0;0;0;0;0;1;3.0;0;0;0;0;0;0;10;3.4;1;0;1;0;0;0;
Hunting Elephants;2013;tt2295196;222075;551;6.5;14;2.9;0;0;2;2;0;0;0;0;0;0;0;0;0;0;0;0;0;0;0;0;0;0;2;3.0;0;0;0;0;0;0;0;0;0;0;0;0;0;0;
Canopy;2013;tt2232578;223762;609;5.0;0;0;0;0;0;0;0;0;0;0;0;0;0;0;0;0;0;0;0;0;0;0;0;0;1;3.0;0;0;0;0;0;0;0;0;0;0;0;0;0;0;
The Canyons;2013;tt2292959;208744;7261;3.9;345;2.0;2;7;19;21;12;7;4;3.0;0;0;0;0;0;0;0;0;0;0;0;0;0;0;14;2.9;0;0;0;0;0;0;5;2.9;0;0;0;0;0;0;
Captain Phillips;2013;tt1535109;191696;275715;7.9;5364;4.3;155;386;147;45;9;4;250;4.1;7;8;6;2;0;0;902;4.4;48;49;17;2;1;0;268;4.1;5;23;5;1;0;0;82;3.8;1;13;6;2;0;0;
Captive;2013;tt2386203;197313;197;3.7;0;0;0;0;0;0;0;0;1;3.0;0;0;0;0;0;0;0;0;0;0;0;0;0;0;1;3.0;0;0;0;0;0;0;0;0;0;0;0;0;0;0;
Captive;2013;tt2386203;183143;197;3.7;182;2.7;1;4;15;10;8;5;6;3.0;0;0;0;1;0;0;5;2.9;0;0;0;0;0;0;7;2.9;0;0;0;0;0;0;0;0;0;0;0;0;0;0;
Screwed;2013;tt1956618;192538;183;4.1;73;2.5;0;3;6;8;5;0;2;3.0;0;0;0;0;0;0;0;0;0;0;0;0;0;0;5;2.8;0;0;0;0;0;0;0;0;0;0;0;0;0;0;
Carmen;2013;tt2547366;197221;18;6.2;3;2.8;0;0;0;0;0;0;1;3.0;0;0;0;0;0;0;0;0;0;0;0;0;0;0;1;3.0;0;0;0;0;0;0;0;0;0;0;0;0;0;0;
Carmen;2013;tt2547366;186399;18;6.2;1;3.0;0;0;0;0;0;0;1;3.0;0;0;0;0;0;0;0;0;0;0;0;0;0;0;1;3.0;0;0;0;0;0;0;0;0;0;0;0;0;0;0;
Carrie;2013;tt1939659;194194;91244;6.0;2459;2.9;37;84;149;111;75;32;89;3.1;1;2;9;2;2;0;1291;4.1;45;28;35;24;7;3;133;3.0;1;3;9;5;9;0;40;3.6;1;2;0;2;0;0;
The Counselor;2013;tt2193215;202971;69213;5.4;3992;1.7;30;84;126;155;187;228;97;1.9;0;0;1;9;4;9;285;2.2;2;6;9;17;17;20;156;2.2;2;1;4;5;7;6;28;2.5;0;0;4;2;3;0;
Casse-tête chinois;2013;tt1937118;193911;7389;7.0;5833;3.9;77;298;240;100;29;16;16;3.0;0;0;1;0;0;0;31;3.6;0;1;1;0;0;0;19;2.9;0;2;3;0;0;0;12;3.3;0;2;1;0;0;0;
Cavemen;2013;tt2378884;225686;2993;5.3;6;3.2;0;0;1;0;0;0;0;0;0;0;0;0;0;0;3;3.1;0;0;0;0;0;0;2;3.0;0;0;0;0;0;0;0;0;0;0;0;0;0;0;
CBGB;2013;tt1786751;207569;4269;6.5;0;0;0;0;0;0;0;0;2;3.0;0;0;0;0;0;0;20;3.6;1;1;0;0;0;0;2;3.0;0;0;0;0;0;0;0;0;0;0;0;0;0;0;
Celal ile Ceren;2013;tt2610768;210395;35194;2.4;10;3.4;0;0;0;0;0;0;0;0;0;0;0;0;0;0;0;0;0;0;0;0;0;0;7;3.3;0;0;0;0;0;0;279;2.8;6;1;9;4;10;13;
O Que Se Move;2013;tt2925942;210390;49;6.4;8;3.0;1;0;1;0;0;1;0;0;0;0;0;0;0;0;4;3.2;1;0;0;0;0;0;0;0;0;0;0;0;0;0;0;0;0;0;0;0;0;0;
C'est eux les chiens...;2013;tt2914060;220993;73;2.8;38;3.6;6;5;5;2;1;0;0;0;0;0;0;0;0;0;0;0;0;0;0;0;0;0;1;3.0;0;0;0;0;0;0;0;0;0;0;0;0;0;0;
This Is the End;2013;tt1245492;137289;262715;6.7;3031;3.2;15;76;125;65;32;35;46;2.6;0;2;3;1;0;0;566;3.6;15;11;13;11;7;15;293;3.5;2;11;9;2;4;1;48;2.7;0;3;3;4;0;3;
Le Challat de Tunis;2013;tt2930974;228476;26;6.2;0;0;0;0;0;0;0;0;0;0;0;0;0;0;0;0;0;0;0;0;0;0;0;0;1;3.0;0;0;0;0;0;0;0;0;0;0;0;0;0;0;
Charlie Countryman;2013;tt1196948;181402;16516;6.4;676;3.6;6;46;30;20;4;1;7;3.2;0;0;0;0;0;0;0;0;0;0;0;0;0;0;26;3.3;0;5;0;0;0;0;12;3.3;0;2;0;0;0;0;
Charlie's Country;2013;tt3244512;224733;492;7.3;126;3.7;2;6;9;2;0;0;1;3.0;0;0;0;0;0;0;0;0;0;0;0;0;0;0;1;3.0;0;0;0;0;0;0;1;3.0;0;0;0;0;0;0;
Combustión;2013;tt1899142;208136;1960;5.8;107;2.8;0;3;5;5;6;4;49;2.7;1;1;0;4;1;0;0;0;0;0;0;0;0;0;5;3.0;0;0;0;0;0;0;0;0;0;0;0;0;0;0;
Jag etter vind;2013;tt2608998;225392;273;6.5;1;3.0;0;0;0;0;0;0;0;0;0;0;0;0;0;0;0;0;0;0;0;0;0;0;1;3.0;0;0;0;0;0;0;0;0;0;0;0;0;0;0;
Houston;2013;tt2181961;186314;131;5.3;6;3.2;0;0;0;0;1;0;1;3.0;0;0;0;0;0;0;0;0;0;0;0;0;0;0;1;3.0;0;0;0;0;0;0;0;0;0;0;0;0;0;0;
Chastity Bites;2013;tt2145637;224446;478;4.8;1;3.0;0;0;0;0;0;0;0;0;0;0;0;0;0;0;0;0;0;0;0;0;0;0;1;3.0;0;0;1;0;0;0;0;0;0;0;0;0;0;0;
Cheap Thrills;2013;tt2389182;221656;9527;6.8;111;3.7;3;15;8;1;0;0;8;3.2;0;1;2;0;0;0;0;0;0;0;0;0;0;0;16;3.4;0;5;1;0;0;0;5;3.1;0;0;0;0;0;0;
Cheba Louisa;2013;tt2792348;204250;55;5.8;335;3.4;5;27;21;11;5;2;1;3.0;0;0;0;0;0;0;0;0;0;0;0;0;0;0;1;3.0;0;0;0;0;0;0;1;3.0;0;0;0;0;0;0;
Cheech & Chong's Animated Movie;2013;tt1340803;220570;556;4.6;1;3.0;0;0;0;1;0;0;0;0;0;0;0;0;0;0;2;3.1;0;0;0;0;0;0;1;3.0;0;0;0;0;0;0;0;0;0;0;0;0;0;0;
Chennai Express;2013;tt2112124;222532;29071;6.0;106;4.0;11;4;7;3;0;0;0;0;0;0;0;0;0;0;4;3.2;0;0;0;0;0;0;13;3.3;0;1;0;0;0;1;21;3.8;0;1;1;0;0;0;
Child of God;2013;tt1951095;197513;2180;5.5;0;0;0;0;0;0;0;0;5;3.0;0;0;0;1;0;0;0;0;0;0;0;0;0;0;8;3.1;0;1;0;1;0;0;4;3.0;0;0;1;0;0;0;
Chilling Visions: 5 Senses of Fear;2013;tt2425886;229042;779;4.9;0;0;0;0;0;0;0;0;0;0;0;0;0;0;0;0;0;0;0;0;0;0;0;0;1;3.0;0;0;0;0;0;0;0;0;0;0;0;0;0;0;
Chlorine;2013;tt1590764;193718;142;4.2;2;3.1;0;0;0;0;0;0;1;3.0;0;0;0;0;0;0;0;0;0;0;0;0;0;0;1;3.0;0;0;0;0;0;0;0;0;0;0;0;0;0;0;
The Christmas Candle;2013;tt2739338;224777;674;5.5;1;3.0;0;0;0;0;0;0;1;3.0;0;0;0;0;0;0;0;0;0;0;0;0;0;0;1;3.0;0;0;0;0;0;0;0;0;0;0;0;0;0;0;
Olympus Has Fallen;2013;tt2302755;204923;167839;6.5;3759;3.5;59;159;208;116;52;41;151;3.4;2;6;10;8;2;0;407;4.1;5;19;18;6;3;2;199;3.5;5;4;8;4;5;1;64;3.6;2;2;3;2;1;0;
Cinco De Mayo;2013;tt2586394;207254;17;5.6;1;3.0;0;0;0;0;0;0;0;0;0;0;0;0;0;0;0;0;0;0;0;0;0;0;1;3.0;0;0;0;0;0;0;0;0;0;0;0;0;0;0;
The Fifth Estate;2013;tt1837703;210472;22821;6.1;651;3.0;9;13;37;28;6;9;41;3.1;0;0;1;3;0;1;43;3.8;3;1;1;0;0;0;38;3.1;0;0;2;0;0;0;0;0;0;0;0;0;0;0;
Krugovi;2013;tt1839522;217250;3102;7.9;32;3.8;2;3;2;0;0;0;0;0;0;0;0;0;0;0;0;0;0;0;0;0;0;0;5;3.1;0;0;0;0;0;0;6;3.2;0;0;0;0;0;0;
Clara und das Geheimnis der Bären;2013;tt1951099;201321;102;6.1;1;3.0;0;0;0;0;0;0;1;3.0;0;0;0;0;0;0;0;0;0;0;0;0;0;0;2;2.9;0;0;0;0;0;0;0;0;0;0;0;0;0;0;
Closed Circuit;2013;tt2218003;206103;14362;6.2;262;3.1;1;6;10;17;2;0;0;0;0;0;0;0;0;0;19;3.4;0;0;0;0;0;0;12;3.0;0;0;1;0;0;0;8;3.0;0;1;0;1;0;0;
Pardé;2013;tt2626926;217463;496;6.9;0;0;0;0;0;0;0;0;2;3.0;0;0;0;0;0;0;2;3.0;0;0;0;0;0;0;2;3.0;0;0;0;0;0;0;0;0;0;0;0;0;0;0;
Closer to the Moon;2013;tt2017486;196702;1234;7.9;1;3.1;0;0;0;0;0;0;1;3.1;0;0;0;0;0;0;0;0;0;0;0;0;0;0;1;3.1;0;0;0;0;0;0;0;0;0;0;0;0;0;0;
Fünf Freunde 2;2013;tt2324730;206012;121;5.4;11;2.6;0;0;0;0;1;1;3;3.0;0;0;0;0;0;0;0;0;0;0;0;0;0;0;20;3.5;0;1;0;0;0;0;5;3.2;0;0;0;0;0;0;
The Numbers Station;2013;tt1659338;180586;13439;5.5;170;2.2;2;1;4;12;9;0;11;2.9;0;0;0;0;0;0;30;3.4;0;0;1;3;0;0;11;2.9;0;0;0;0;0;0;0;0;0;0;0;0;0;0;
Code Red;2013;tt2119404;225607;633;4.4;26;2.2;0;0;1;2;0;1;0;0;0;0;0;0;0;0;0;0;0;0;0;0;0;0;2;2.9;0;0;0;0;0;0;0;0;0;0;0;0;0;0;
Robosapien: Rebooted;2013;tt1037222;130375;775;4.7;0;0;0;0;0;0;0;0;0;0;0;0;0;0;0;0;10;3.3;0;0;0;0;0;0;2;3.0;0;0;0;0;0;0;0;0;0;0;0;0;0;0;
Stop the Pounding Heart;2013;tt2855026;220810;400;7.1;23;2.9;3;1;1;2;0;2;1;3.0;0;0;0;0;0;0;0;0;0;0;0;0;0;0;1;3.0;0;0;0;0;0;0;0;0;0;0;0;0;0;0;
Coffee Town;2013;tt2234025;203743;3585;6.6;4;3.1;0;0;0;0;0;0;1;3.0;0;0;0;0;0;0;0;0;0;0;0;0;0;0;1;3.0;0;0;0;0;0;0;1;3.0;0;0;0;0;0;0;
Coherence;2013;tt2866360;224546;27037;7.1;134;3.6;1;10;1;4;4;0;27;3.2;0;2;2;0;0;1;0;0;0;0;0;0;0;0;15;3.3;0;2;1;0;0;0;13;3.1;1;1;2;1;0;0;
Coldwater;2013;tt2198956;56902;2009;6.4;981;4.0;13;46;37;13;5;0;0;0;0;0;0;0;0;0;0;0;0;0;0;0;0;0;7;2.8;0;0;1;0;0;0;0;0;0;0;0;0;0;0;
Collider;2013;tt2185374;210479;52;4.6;4;2.8;0;0;0;0;0;0;0;0;0;0;0;0;0;0;0;0;0;0;0;0;0;0;1;2.9;0;0;0;0;0;0;0;0;0;0;0;0;0;0;
Collision;2013;tt1680123;204251;1104;5.7;386;2.4;7;21;23;24;25;7;4;3.0;0;0;0;0;0;0;0;0;0;0;0;0;0;0;7;3.1;0;0;0;0;0;0;4;3.0;0;0;0;0;0;0;
The Colony;2013;tt1160996;203596;30128;5.3;556;2.2;1;6;39;45;17;7;10;2.8;0;0;0;0;0;0;0;0;0;0;0;0;0;0;29;2.7;0;1;3;2;0;0;13;2.9;0;1;0;0;0;0;
Friend Request;2013;tt2277308;227115;22;4.3;15;3.2;1;0;0;0;0;0;0;0;0;0;0;0;0;0;0;0;0;0;0;0;0;0;1;3.0;0;0;0;0;0;0;0;0;0;0;0;0;0;0;
A Common Man;2013;tt2104837;210348;1617;4.7;3;2.8;0;0;0;0;0;1;0;0;0;0;0;0;0;0;9;3.0;0;1;1;0;0;0;10;2.6;0;0;0;1;1;0;0;0;0;0;0;0;0;0;
Kuroyuri danchi;2013;tt2493466;217675;612;5.2;0;0;0;0;0;0;0;0;0;0;0;0;0;0;0;0;0;0;0;0;0;0;0;0;1;3.0;0;0;0;0;0;0;0;0;0;0;0;0;0;0;
Compulsion;2013;tt2381931;50740;1837;4.4;2;2.9;0;0;0;0;0;0;2;2.9;0;0;0;0;0;0;0;0;0;0;0;0;0;0;3;2.8;0;0;0;0;1;0;0;0;0;0;0;0;0;0;
Computer Chess;2013;tt2007360;218221;2933;6.3;49;2.6;0;0;1;1;1;2;2;3.0;0;0;0;0;0;0;0;0;0;0;0;0;0;0;3;3.1;0;0;0;0;0;0;0;0;0;0;0;0;0;0;
The Congress;2013;tt1821641;141806;9137;6.6;797;3.6;19;44;44;27;8;5;14;3.4;1;0;1;0;0;0;23;3.5;4;2;0;0;0;0;30;3.4;1;1;1;0;0;0;6;3.0;0;1;0;0;1;0;
The Conjuring;2013;tt1457767;203607;233972;7.5;8386;4.2;299;630;289;111;44;27;229;4.2;10;11;9;2;0;0;2041;4.6;141;99;25;14;5;3;335;4.1;8;17;14;5;3;2;112;4.1;11;17;5;1;1;0;
Contracted;2013;tt2281159;224073;6847;5.2;55;3.1;1;9;4;3;2;0;0;0;0;0;0;0;0;0;0;0;0;0;0;0;0;0;6;2.9;0;1;1;0;0;0;0;0;0;0;0;0;0;0;
Cookie;2013;tt2063876;196581;111;6.1;516;3.1;6;29;24;21;10;8;1;3.0;0;0;0;0;0;0;0;0;0;0;0;0;0;0;1;3.0;0;0;0;0;0;0;0;0;0;0;0;0;0;0;
Grown Ups 2;2013;tt2191701;200730;88795;5.4;813;2.7;8;11;32;23;22;18;68;3.6;2;3;4;0;0;2;798;4.0;27;13;11;15;6;6;247;3.1;2;2;4;3;5;3;27;3.2;0;0;0;0;1;1;
Copperhead;2013;tt2404555;220025;572;5.4;1;2.9;0;0;0;0;1;0;0;0;0;0;0;0;0;0;0;0;0;0;0;0;0;0;1;2.9;0;0;0;0;0;0;0;0;0;0;0;0;0;0;
Kokowääh 2;2013;tt2194599;201758;2071;5.5;15;3.3;0;0;0;2;0;0;5;3.2;0;0;0;0;0;0;5;3.2;1;0;0;0;0;0;152;3.4;2;2;4;1;4;0;5;3.2;0;0;0;0;0;0;
Cottage Country;2013;tt2072933;197896;2552;5.5;58;2.6;0;2;4;6;2;0;2;3.0;0;0;0;0;0;0;0;0;0;0;0;0;0;0;7;3.0;0;0;1;0;0;0;0;0;0;0;0;0;0;0;
Counterpunch;2013;tt2051850;215872;517;5.0;1;3.0;0;0;0;0;0;0;0;0;0;0;0;0;0;0;0;0;0;0;0;0;0;0;1;3.0;0;0;1;0;0;0;0;0;0;0;0;0;0;0;
Austenland;2013;tt1985019;195747;11589;6.2;126;3.0;1;5;6;6;1;0;6;2.8;0;0;1;0;0;1;15;3.2;1;2;0;0;1;0;13;3.2;0;0;1;0;0;0;0;0;0;0;0;0;0;0;
A Strange Course of Events;2013;tt2901690;209781;35;5.7;22;3.2;1;2;2;1;1;0;0;0;0;0;0;0;0;0;0;0;0;0;0;0;0;0;0;0;0;0;0;0;0;0;1;3.0;0;0;0;0;0;0;
Crawlspace;2013;tt2141777;219121;390;4.8;223;2.1;2;7;14;25;14;7;0;0;0;0;0;0;0;0;0;0;0;0;0;0;0;0;4;2.8;0;0;0;1;0;0;0;0;0;0;0;0;0;0;
Crazy Kind of Love;2013;tt1946310;220791;1069;5.8;3;3.0;0;0;0;0;0;0;0;0;0;0;0;0;0;0;0;0;0;0;0;0;0;0;2;3.0;0;0;0;0;0;0;0;0;0;0;0;0;0;0;
Cristo Rey;2013;tt3118706;225008;95;6.5;14;3.1;0;1;2;0;0;0;0;0;0;0;0;0;0;0;0;0;0;0;0;0;0;0;1;3.0;0;0;0;0;0;0;1;3.0;0;0;0;0;0;0;
The Croods;2013;tt0481499;146916;124516;7.3;4758;4.2;141;311;156;34;8;8;151;3.8;2;6;4;0;1;0;969;4.5;42;31;18;4;1;0;162;4.1;5;5;2;0;0;0;56;4.0;1;6;2;0;0;0;
Crush;2013;tt2093977;216924;2886;5.7;32;2.6;0;0;1;3;1;0;0;0;0;0;0;0;0;0;0;0;0;0;0;0;0;0;7;3.2;0;0;0;1;0;0;0;0;0;0;0;0;0;0;
Crystal Fairy & the Magical Cactus and 2012;2013;tt2332579;217256;5407;5.8;19;2.9;0;0;0;1;0;1;2;3.1;0;0;0;0;0;0;0;0;0;0;0;0;0;0;2;3.1;0;0;0;0;0;0;0;0;0;0;0;0;0;0;
Cupcakes;2013;tt1935742;227394;251;6.2;51;3.2;0;2;4;3;1;0;0;0;0;0;0;0;0;0;2;3.1;0;0;0;0;0;0;2;3.1;0;0;0;0;0;0;0;0;0;0;0;0;0;0;
Da geht noch was!;2013;tt2517558;214413;552;6.3;4;3.2;0;0;0;0;0;0;0;0;0;0;0;0;0;0;0;0;0;0;0;0;0;0;44;3.7;1;0;0;0;0;0;0;0;0;0;0;0;0;0;
Dallas Buyers Club;2013;tt0790636;137097;256242;8.0;7278;4.4;145;425;144;25;6;4;141;4.0;1;4;3;1;0;0;802;4.6;22;44;10;1;0;0;205;4.1;1;12;4;0;0;0;56;3.7;1;9;4;1;0;0;
Saving Mr. Banks;2013;tt2140373;204100;95848;7.6;3125;4.3;116;203;102;31;2;2;80;3.7;1;9;5;2;0;0;129;4.1;7;8;5;2;0;0;76;3.7;1;1;4;0;1;0;24;3.6;0;3;1;2;0;0;
Dark Skies;2013;tt2387433;206920;48586;6.3;2050;3.2;15;96;143;89;35;19;13;3.0;0;0;0;1;0;0;181;3.8;9;9;8;6;0;2;19;3.4;1;4;0;1;0;0;31;3.6;1;2;1;0;0;0;
Dark Space;2013;tt1584943;197409;655;3.8;0;0;0;0;0;0;0;0;1;3.0;0;0;0;0;0;0;0;0;0;0;0;0;0;0;1;3.0;0;0;0;0;0;0;0;0;0;0;0;0;0;0;
Dark Touch;2013;tt2328549;203595;2806;4.8;383;2.4;6;12;13;27;15;16;0;0;0;0;0;0;0;0;0;0;0;0;0;0;0;0;4;3.0;0;1;0;0;0;0;5;2.8;0;0;1;0;0;0;
Solan og Ludvig - Jul i Flåklypa;2013;tt2769896;231099;447;7.0;24;3.3;0;2;2;0;0;0;0;0;0;0;0;0;0;0;0;0;0;0;0;0;0;0;1;3.0;0;0;0;0;0;0;0;0;0;0;0;0;0;0;
West;2013;tt2476552;225398;202;6.6;177;3.2;0;8;11;7;1;1;1;3.0;0;0;0;0;0;0;0;0;0;0;0;0;0;0;0;0;0;0;0;0;0;0;0;0;0;0;0;0;0;0;
De toutes nos forces;2013;tt2454430;209297;398;6.6;2049;4.2;84;164;74;23;2;6;0;0;0;0;0;0;0;0;14;3.6;1;0;0;0;0;0;5;3.2;0;2;1;0;0;0;0;0;0;0;0;0;0;0;
The Dead 2: India;2013;tt2917336;224343;908;5.1;25;2.5;0;0;0;3;0;0;2;3.1;0;0;0;0;0;0;0;0;0;0;0;0;0;0;2;3.1;0;0;0;0;0;0;0;0;0;0;0;0;0;0;
Dead Man Down;2013;tt2101341;199062;48791;6.5;1613;3.5;14;71;108;51;9;2;32;3.2;0;0;3;1;1;0;55;3.7;0;2;3;0;0;0;67;3.2;0;4;0;1;0;0;27;3.4;0;0;2;1;0;0;
Death March;2013;tt2852446;220808;18;5.2;0;0;0;0;0;0;0;0;1;3.0;0;0;0;0;0;0;0;0;0;0;0;0;0;0;1;3.0;0;0;0;0;0;0;1;3.0;0;0;0;0;0;0;
Decoding Annie Parker;2013;tt1464191;197993;1924;6.3;0;0;0;0;0;0;0;0;1;3.0;0;0;0;0;0;0;0;0;0;0;0;0;0;0;1;3.0;0;0;0;0;0;0;0;0;0;0;0;0;0;0;
Deep Powder;2013;tt2217777;203055;203;5.6;2;3.1;0;0;0;0;0;0;2;3.1;0;0;0;0;0;0;0;0;0;0;0;0;0;0;2;3.1;0;0;0;0;0;0;2;3.1;0;0;0;0;0;0;
Sonno Profondo;2013;tt3467452;223755;50;5.4;2;2.9;0;0;0;0;0;0;0;0;0;0;0;0;0;0;0;0;0;0;0;0;0;0;1;3.0;0;0;0;0;0;0;0;0;0;0;0;0;0;0;
Krrish 3;2013;tt1029231;224566;13345;5.6;137;2.3;1;3;6;5;3;10;2;3.0;0;0;0;0;0;0;0;0;0;0;0;0;0;0;2;3.0;0;0;0;0;0;0;0;0;0;0;0;0;0;0;
Delivery Man;2013;tt2387559;210939;47815;6.4;0;0;0;0;0;0;0;0;23;2.6;0;0;2;2;0;1;172;4.1;4;5;10;2;0;0;24;2.4;0;0;1;1;1;3;13;3.2;0;1;2;2;0;0;
Demi-soeur;2013;tt2200144;207178;84;5.0;466;2.5;21;29;31;20;10;23;0;0;0;0;0;0;0;0;1;3.0;0;0;0;0;0;0;1;3.0;0;0;0;0;0;0;0;0;0;0;0;0;0;0;
Denis;2013;tt2402577;201704;143;4.3;659;1.8;2;18;33;37;25;21;1;3.0;0;0;0;0;0;0;0;0;0;0;0;0;0;0;1;3.0;0;0;0;0;0;0;1;3.0;0;0;0;0;0;0;
The World's End;2013;tt1213663;191174;145908;7.0;3362;3.5;41;121;120;69;33;18;43;3.3;0;1;4;1;0;0;46;3.3;1;2;1;0;1;1;203;3.4;0;9;9;0;2;1;22;3.4;0;2;4;1;0;0;
The Last Stand;2013;tt1549920;175593;102621;6.4;3042;3.3;38;137;256;115;33;19;56;2.9;0;1;6;4;1;1;291;4.2;10;16;19;5;1;0;219;3.5;0;10;7;4;2;1;34;3.5;0;2;3;0;0;0;
Zhi sha;2013;tt3176304;233549;116;5.8;1;3.0;0;0;0;0;0;0;0;0;0;0;0;0;0;0;0;0;0;0;0;0;0;0;0;0;0;0;0;0;0;0;0;0;0;0;0;0;0;0;
Des gens qui s'embrassent;2013;tt2295750;203485;483;5.4;608;2.0;7;15;25;35;18;31;3;2.9;0;0;0;0;0;0;13;3.3;0;0;0;1;0;0;3;2.9;0;0;0;0;0;0;3;2.9;0;0;0;0;0;0;
Baggage Claim;2013;tt1171222;133723;5864;5.0;151;3.0;1;1;2;4;5;1;0;0;0;0;0;0;0;0;0;0;0;0;0;0;0;0;4;2.9;0;0;0;0;0;0;0;0;0;0;0;0;0;0;
Di Renjie: Shen du long wang;2013;tt2992146;221661;2104;6.5;544;3.4;8;34;29;14;12;1;0;0;0;0;0;0;0;0;0;0;0;0;0;0;0;0;4;3.1;0;3;0;0;0;0;0;0;0;0;0;0;0;0;
Zwei Mütter;2013;tt2622156;217616;195;5.8;4;3.2;0;0;1;0;0;0;0;0;0;0;0;0;0;0;0;0;0;0;0;0;0;0;4;3.1;0;0;0;0;0;0;0;0;0;0;0;0;0;0;
Diana;2013;tt1758595;199230;12054;5.5;877;2.6;9;19;46;65;29;8;20;2.6;0;0;0;1;1;0;72;3.7;2;2;0;3;1;0;12;3.1;0;0;0;0;0;0;12;2.8;0;2;0;0;0;1;
A Good Day to Die Hard;2013;tt1606378;181111;145540;5.3;8189;2.3;78;145;318;434;327;224;135;3.0;0;3;4;6;3;3;457;3.9;6;13;15;19;4;4;497;2.5;3;6;7;15;15;8;54;3.6;1;0;6;6;0;0;
Diego Star;2013;tt2665182;202994;113;6.8;2;2.9;0;0;0;0;0;0;1;3.0;0;0;0;0;0;0;0;0;0;0;0;0;0;0;1;3.0;0;0;0;0;0;0;1;3.0;0;0;0;0;0;0;
Raptor Ranch;2013;tt1343103;227880;343;3.1;9;2.7;0;1;0;0;1;1;0;0;0;0;0;0;0;0;0;0;0;0;0;0;0;0;1;3.0;0;0;0;0;0;0;0;0;0;0;0;0;0;0;
The Dirties;2013;tt2334896;222829;2627;6.7;1;3.0;0;1;0;0;0;0;0;0;0;0;0;0;0;0;1;3.0;0;0;0;0;0;0;1;3.0;0;0;0;0;0;0;1;3.0;0;0;0;0;0;0;
Do Not Disturb;2013;tt2607336;197437;263;3.3;762;1.8;2;25;48;43;31;41;2;3.0;0;0;0;0;0;0;0;0;0;0;0;0;0;0;3;3.1;0;0;0;0;0;0;0;0;0;0;0;0;0;0;
Dom Hemingway;2013;tt2402105;214223;16258;6.2;276;2.9;0;3;11;9;3;1;17;2.9;0;0;1;3;0;0;18;2.6;0;0;1;1;1;2;15;3.0;0;0;1;1;0;0;9;2.9;1;0;0;0;0;1;
Don Jon;2013;tt2229499;203316;161320;6.6;5078;2.7;33;109;186;149;58;49;70;2.9;0;1;3;1;0;0;362;3.6;5;11;8;6;0;1;165;3.3;1;2;7;3;0;1;28;3.1;0;0;1;0;0;0;
Dors mon lapin;2013;tt2173190;224739;13;5.4;7;3.2;0;1;4;0;0;0;0;0;0;0;0;0;0;0;0;0;0;0;0;0;0;0;0;0;0;0;0;0;0;0;0;0;0;0;0;0;0;0;
The Double;2013;tt1825157;196629;24614;6.5;478;2.8;1;15;24;15;2;1;0;0;0;0;0;0;0;0;34;3.3;0;2;1;1;0;0;8;3.2;0;1;0;0;0;0;17;3.3;0;2;1;0;0;0;
Doragon bôru Z: Kami to kami;2013;tt2263944;211245;12442;7.3;0;0;0;0;0;0;0;0;44;3.5;2;2;0;0;0;0;1213;4.6;44;15;22;16;4;5;11;3.3;0;0;0;0;0;0;0;0;0;0;0;0;0;0;
Dragon Day;2013;tt1772262;218363;762;4.0;2;2.9;0;0;0;0;0;0;0;0;0;0;0;0;0;0;0;0;0;0;0;0;0;0;2;2.9;0;0;0;0;1;0;0;0;0;0;0;0;0;0;
Dragonfyre;2013;tt2333508;213849;1295;3.3;63;1.8;2;1;1;2;4;10;0;0;0;0;0;0;0;0;0;0;0;0;0;0;0;0;2;2.9;0;0;0;0;0;1;0;0;0;0;0;0;0;0;
A Viking Saga: The Darkest Day;2013;tt2320073;221200;998;4.2;116;1.4;0;1;2;4;5;33;0;0;0;0;0;0;0;0;0;0;0;0;0;0;0;0;5;2.7;0;0;0;0;0;0;0;0;0;0;0;0;0;0;
Drift;2013;tt3153668;185059;45;7.2;0;0;0;0;0;0;0;0;0;0;0;0;0;0;0;0;6;3.2;0;0;0;0;0;0;6;3.1;0;1;0;0;0;0;0;0;0;0;0;0;0;0;
Drinking Buddies;2013;tt2265398;219607;38611;6.1;221;2.3;0;2;8;10;4;3;10;3.0;0;0;0;0;0;0;0;0;0;0;0;0;0;0;12;3.3;0;0;0;1;0;0;9;2.9;0;1;0;1;1;0;
Free Birds;2013;tt1621039;214797;15358;5.9;104;3.1;1;3;7;2;0;0;21;3.0;0;0;0;2;0;0;184;3.8;6;2;5;3;4;3;11;3.1;0;0;0;0;0;0;18;3.4;1;0;1;0;0;0;
Los insólitos peces gato;2013;tt2414046;222821;859;7.1;170;3.6;1;4;15;5;0;0;0;0;0;0;0;0;0;0;0;0;0;0;0;0;0;0;5;3.0;0;1;0;0;0;0;2;3.0;0;0;0;0;0;0;
Drones;2013;tt2179027;224873;463;4.4;2;2.9;0;0;0;1;0;0;0;0;0;0;0;0;0;0;0;0;0;0;0;0;0;0;3;2.9;0;0;0;0;0;0;0;0;0;0;0;0;0;0;
Drones;2013;tt2179027;185613;463;4.4;13;2.4;0;0;0;1;0;0;1;3.0;0;0;0;0;0;0;0;0;0;0;0;0;0;0;1;3.0;0;0;0;0;0;0;0;0;0;0;0;0;0;0;
Lone Survivor;2013;tt1091191;130593;160280;7.6;4340;4.3;155;284;135;44;12;9;92;3.6;3;3;6;0;2;1;256;4.4;17;15;7;5;1;0;120;4.0;4;5;4;1;1;1;36;3.4;1;1;3;0;0;0;
The East;2013;tt1869716;197885;36374;6.9;719;3.5;4;31;45;27;8;2;27;3.3;0;0;2;0;0;0;0;0;0;0;0;0;0;0;36;3.5;0;3;0;0;0;0;10;3.3;0;0;0;0;0;0;
Eastern Boys;2013;tt2991092;213991;982;7.0;662;3.7;18;44;28;13;4;11;0;0;0;0;0;0;0;0;0;0;0;0;0;0;0;0;2;3.0;0;0;0;0;0;0;2;3.0;0;0;0;0;0;0;
Snabba cash - Livet deluxe;2013;tt2427502;222293;2552;6.3;3;2.8;0;0;0;0;0;0;0;0;0;0;0;0;0;0;0;0;0;0;0;0;0;0;1;3.0;0;0;0;0;0;0;0;0;0;0;0;0;0;0;
Eat;2013;tt3013018;234726;172;5.4;3;3.0;0;0;0;0;0;0;0;0;0;0;0;0;0;0;0;0;0;0;0;0;0;0;2;3.0;0;0;0;1;0;0;0;0;0;0;0;0;0;0;
Educazione siberiana;2013;tt1697064;195706;4839;6.4;26;2.9;0;2;0;2;1;1;3;3.0;0;0;0;0;0;0;6;3.2;0;0;0;0;0;0;5;3.1;0;0;1;0;0;0;0;0;0;0;0;0;0;0;
Side Effects;2013;tt2053463;200313;130467;7.1;4761;3.7;44;231;245;110;25;10;103;3.2;2;1;8;2;0;1;223;4.2;5;11;3;1;0;0;187;3.8;2;10;5;1;3;1;31;3.1;0;0;3;1;0;1;
Einstein and Einstein;2013;tt3401962;226072;24;5.8;1;3.0;0;0;0;0;0;0;0;0;0;0;0;0;0;0;0;0;0;0;0;0;0;0;1;3.0;0;0;0;0;0;0;0;0;0;0;0;0;0;0;
Grzeli nateli dgeebi;2013;tt2741806;218219;4537;8.0;44;3.7;1;3;4;3;0;0;3;3.1;0;0;0;0;0;0;0;0;0;0;0;0;0;0;3;3.1;0;0;0;0;0;0;3;3.1;1;0;0;0;0;0;
Elle s'en va;2013;tt2289538;210032;1215;6.4;1098;2.7;13;78;65;33;26;15;6;2.9;0;0;2;0;1;0;22;3.6;2;0;0;0;0;0;10;3.2;0;0;0;0;0;0;4;3.0;0;0;0;0;0;0;
Elysium;2013;tt1535108;182991;273259;6.7;11065;3.4;80;401;509;380;124;69;270;3.2;3;10;17;6;2;1;1347;4.2;31;64;53;21;5;5;439;3.6;3;13;11;10;2;2;88;3.7;0;6;10;1;0;0;
Empire State;2013;tt2171867;201413;11856;5.2;228;2.1;0;0;7;13;3;0;4;2.9;0;0;0;0;0;0;32;3.0;0;0;2;5;0;0;27;2.8;0;0;0;1;0;0;0;0;0;0;0;0;0;0;
The Employer;2013;tt1863203;221558;804;4.3;39;2.2;0;0;1;2;3;2;0;0;0;0;0;0;0;0;0;0;0;0;0;0;0;0;1;3.0;0;0;0;0;0;0;0;0;0;0;0;0;0;0;
In Bloom;2013;tt2250564;225567;385;6.6;3;3.1;0;0;0;0;0;0;2;3.0;0;0;0;0;0;0;0;0;0;0;0;0;0;0;2;3.0;0;0;0;0;0;0;0;0;0;0;0;0;0;0;
Home;2013;tt2393825;209174;83;7.8;0;0;0;0;0;0;0;0;10;3.4;0;0;1;0;0;0;0;0;0;0;0;0;0;0;7;3.2;0;0;0;0;0;0;6;3.3;0;0;0;0;0;0;
Enemies Closer;2013;tt2395199;210041;3328;5.1;93;2.5;4;1;9;6;5;5;0;0;0;0;0;0;0;0;6;3.3;0;1;0;0;0;0;11;3.0;0;1;0;0;0;0;0;0;0;0;0;0;0;0;
Enemy;2013;tt2316411;205131;60239;6.8;3080;2.7;32;94;115;91;54;59;54;2.7;1;3;2;1;2;3;188;3.1;4;9;4;3;10;5;84;3.1;0;7;2;0;4;1;29;3.4;2;5;2;1;1;0;
A Field in England;2013;tt2375574;217484;5199;6.2;0;0;0;0;0;0;0;0;3;3.0;0;0;1;0;0;0;0;0;0;0;0;0;0;0;6;3.0;0;0;1;0;0;0;3;3.0;0;0;0;0;0;0;
The English Teacher;2013;tt2055765;197504;6929;5.8;88;2.8;0;1;2;3;1;0;4;3.0;0;0;0;1;0;0;0;0;0;0;0;0;0;0;7;2.9;0;0;0;0;0;0;0;0;0;0;0;0;0;0;
Riddle;2013;tt1648208;204378;1536;4.1;85;1.9;0;2;2;5;4;4;2;3.0;0;0;0;0;0;0;0;0;0;0;0;0;0;0;7;2.7;0;0;0;0;0;1;2;3.0;0;0;0;0;0;0;
Kvinden i buret;2013;tt2438644;214175;8573;7.1;22;3.5;0;4;2;0;0;0;0;0;0;0;0;0;0;0;0;0;0;0;0;0;0;0;46;3.7;0;1;4;0;0;0;0;0;0;0;0;0;0;0;
Enter the Dangerous Mind;2013;tt2229377;232279;258;5.0;1;3.0;0;0;0;0;0;0;0;0;0;0;0;0;0;0;0;0;0;0;0;0;0;0;1;3.0;0;0;0;1;0;0;0;0;0;0;0;0;0;0;
Epic;2013;tt0848537;196741;74482;6.7;3047;4.0;54;169;146;47;11;7;88;3.4;0;0;5;3;0;0;365;4.4;14;4;11;4;0;0;131;3.8;1;4;3;0;1;0;23;3.5;0;0;2;0;0;0;
Erkekler;2013;tt3386254;223586;220;4.1;1;3.0;0;0;0;0;0;0;0;0;0;0;0;0;0;0;0;0;0;0;0;0;0;0;1;3.0;0;0;0;0;0;0;25;2.7;2;1;1;1;1;5;
Escape from Tomorrow;2013;tt2187884;218031;5848;5.2;36;2.3;0;1;3;3;1;1;0;0;0;0;0;0;0;0;0;0;0;0;0;0;0;0;6;3.1;0;0;0;0;0;0;4;3.0;0;0;0;0;0;0;
What If;2013;tt1486834;210229;30860;6.9;577;3.3;2;12;24;8;5;3;22;3.4;0;0;3;1;0;0;186;3.9;0;5;8;1;0;0;0;0;0;0;0;0;0;0;11;3.3;0;1;0;1;0;0;
Europa Report;2013;tt2051879;197237;41538;6.5;415;2.6;2;23;34;19;13;7;8;3.0;0;0;0;0;0;0;0;0;0;0;0;0;0;0;36;3.1;0;1;3;3;1;0;0;0;0;0;0;0;0;0;
Escape Plan;2013;tt1211956;135257;147785;6.8;3743;3.6;60;173;198;104;31;13;68;3.3;0;5;2;0;1;0;516;4.4;17;23;19;4;2;0;169;3.3;1;2;14;4;3;1;66;3.8;1;7;1;2;1;0;
Everyone's Going to Die;2013;tt2091295;217658;97;7.0;51;3.2;1;1;1;0;0;2;0;0;0;0;0;0;0;0;0;0;0;0;0;0;0;0;1;3.0;0;0;0;0;0;0;0;0;0;0;0;0;0;0;
Evidence;2013;tt1828970;196862;4249;5.3;180;2.4;1;9;12;7;6;8;3;3.0;0;0;0;0;0;0;15;3.1;2;0;0;1;0;0;5;3.0;0;1;0;1;0;0;0;0;0;0;0;0;0;0;
Evidence;2013;tt1828970;50734;4249;5.3;35;2.6;1;1;4;3;1;1;0;0;0;0;0;0;0;0;0;0;0;0;0;0;0;0;14;2.6;0;0;0;0;0;0;0;0;0;0;0;0;0;0;
Evil Dead;2013;tt1288558;138417;107935;6.5;3807;3.4;114;253;244;142;75;59;102;3.4;1;3;3;5;1;0;693;3.8;22;33;22;15;16;14;303;3.6;5;22;6;7;7;2;67;3.6;2;2;6;3;1;0;
Exit Marrakech;2013;tt1982177;206326;405;6.3;3;3.0;0;0;0;0;0;0;3;3.0;0;0;0;0;0;0;0;0;0;0;0;0;0;0;23;2.9;0;0;0;1;1;1;3;3.0;0;0;0;0;0;0;
The Young and Prodigious T.S. Spivet;2013;tt1981107;199842;7312;7.1;2222;3.8;29;132;126;53;19;5;23;3.2;0;0;3;0;0;0;51;3.8;2;4;2;0;0;0;39;3.8;1;1;1;0;0;0;5;3.0;0;0;0;0;0;0;
Eyjafjallajökull;2013;tt2207072;205956;1604;5.4;4802;2.8;63;154;247;172;88;69;3;2.9;0;0;1;0;0;0;0;0;0;0;0;0;0;0;12;2.6;0;0;0;0;1;1;0;0;0;0;0;0;0;0;
Killing Season;2013;tt1480295;185510;23867;5.4;459;2.5;3;6;24;23;17;5;14;2.7;0;0;0;1;0;0;69;3.1;1;0;5;6;2;0;25;3.0;0;1;0;0;0;0;0;0;0;0;0;0;0;0;
The Face of Love;2013;tt1839642;190309;2300;6.2;155;3.2;2;8;13;7;4;1;12;2.9;0;0;3;2;0;0;12;3.2;0;0;1;0;0;0;7;2.9;0;0;0;1;0;0;4;3.0;0;0;0;0;0;0;
La gran familia española;2013;tt2252680;209799;2627;6.3;2;3.0;0;0;0;0;0;0;136;3.3;1;6;6;2;0;2;0;0;0;0;0;0;0;0;2;3.0;0;0;0;0;0;0;0;0;0;0;0;0;0;0;
Family Weekend;2013;tt1821426;219125;4661;6.4;43;3.1;1;1;0;4;0;0;0;0;0;0;0;0;0;0;9;3.2;0;0;0;0;0;0;2;3.0;0;0;0;0;0;0;0;0;0;0;0;0;0;0;
Fanny;2013;tt1872101;192103;478;6.9;1106;3.9;35;89;56;18;3;5;3;3.2;0;0;1;0;0;0;0;0;0;0;0;0;0;0;3;3.2;0;0;0;0;0;0;0;0;0;0;0;0;0;0;
A Farewell to Fools;2013;tt1634055;226490;197;5.5;2;3.1;0;0;0;0;0;0;0;0;0;0;0;0;0;0;0;0;0;0;0;0;0;0;1;3.0;0;0;0;0;0;0;0;0;0;0;0;0;0;0;
Der fast perfekte Mann;2013;tt2041335;196613;31;4.8;1;3.0;0;0;0;0;0;0;1;3.0;0;0;0;0;0;0;0;0;0;0;0;0;0;0;2;3.1;0;0;0;0;0;0;0;0;0;0;0;0;0;0;
Fateful Findings;2013;tt2332623;220776;119;3.6;2;2.8;0;0;0;0;0;1;0;0;0;0;0;0;0;0;0;0;0;0;0;0;0;0;1;2.9;0;0;0;0;0;0;0;0;0;0;0;0;0;0;
Felony;2013;tt2402603;207695;1867;6.1;0;0;0;0;0;0;0;0;1;3.0;0;0;0;0;0;0;2;3.0;0;0;0;0;0;0;1;3.0;0;0;0;0;0;0;0;0;0;0;0;0;0;0;
Epizoda u zivotu beraca zeljeza;2013;tt2507592;217451;748;6.8;23;3.2;0;3;5;1;0;0;4;3.0;0;0;0;0;0;0;4;3.0;0;0;0;0;0;0;4;3.0;0;0;0;0;0;0;6;2.9;0;0;0;1;0;0;
Fièvres;2013;tt3405422;224814;24;6.4;114;4.2;39;20;2;1;0;0;0;0;0;0;0;0;0;0;0;0;0;0;0;0;0;0;0;0;0;0;0;0;0;0;1;3.0;0;0;0;0;0;0;
La fille du 14 juillet;2013;tt2846972;220641;406;6.4;471;3.1;3;28;26;16;11;13;5;2.8;0;0;0;1;0;0;0;0;0;0;0;0;0;0;3;2.9;0;0;0;0;0;0;3;2.9;0;0;0;0;0;0;
Finsterworld;2013;tt2338864;203359;994;6.9;2;3.1;0;0;0;0;0;0;2;3.1;0;0;0;0;0;0;0;0;0;0;0;0;0;0;19;3.4;1;1;0;1;0;0;2;3.1;0;0;0;0;0;0;
Five Thirteen;2013;tt1536051;209700;451;4.0;54;3.0;4;6;3;4;1;2;0;0;0;0;0;0;0;0;0;0;0;0;0;0;0;0;2;3.1;0;0;0;0;0;0;0;0;0;0;0;0;0;0;
The Heat;2013;tt2404463;207813;111437;6.7;1694;3.1;18;69;82;48;35;17;43;3.1;0;1;1;3;0;0;594;4.3;13;10;20;6;3;0;149;3.6;1;4;8;3;2;1;27;3.4;0;1;1;2;0;0;
Fonzy;2013;tt3077818;219309;227;4.8;1346;2.3;17;61;60;63;22;60;0;0;0;0;0;0;0;0;0;0;0;0;0;0;0;0;2;3.1;0;0;0;0;0;0;0;0;0;0;0;0;0;0;
The Food Guide to Love;2013;tt2364006;215340;528;5.8;54;2.3;0;1;2;3;0;0;10;2.5;0;0;2;0;0;1;6;3.1;0;0;0;0;0;0;4;2.9;0;0;0;0;0;0;0;0;0;0;0;0;0;0;
For Those in Peril;2013;tt2315628;220886;562;6.3;33;3.0;0;0;4;3;1;0;0;0;0;0;0;0;0;0;0;0;0;0;0;0;0;0;1;3.0;0;0;0;0;0;0;1;3.0;0;0;0;0;0;0;
The Forbidden Girl;2013;tt1763305;217007;257;3.5;1;2.9;0;0;0;0;0;0;0;0;0;0;0;0;0;0;0;0;0;0;0;0;0;0;1;2.9;0;0;0;0;0;0;0;0;0;0;0;0;0;0;
Force of Execution;2013;tt2611626;224955;1577;4.6;36;2.2;0;0;3;5;0;1;3;2.9;0;0;0;0;0;0;4;3.1;0;0;0;0;0;0;6;2.8;0;0;0;0;1;0;0;0;0;0;0;0;0;0;
Forma;2013;tt1817150;228905;62;5.8;2;3.0;0;0;0;0;0;0;0;0;0;0;0;0;0;0;0;0;0;0;0;0;0;0;1;3.0;0;0;0;0;0;0;0;0;0;0;0;0;0;0;
Frankenstein's Army;2013;tt1925435;215725;5443;5.3;60;2.1;0;1;5;4;6;2;3;3.0;0;0;0;0;0;0;4;3.0;0;0;0;0;0;0;9;2.8;1;1;0;0;0;0;0;0;0;0;0;0;0;0;
Die Frau des Polizisten;2013;tt1734429;222987;221;6.0;0;0;0;0;0;0;0;0;1;3.0;0;0;0;0;0;0;0;0;0;0;0;0;0;0;1;3.0;0;0;0;0;0;0;1;3.0;0;0;0;0;0;0;
Free Ride;2013;tt1839482;210409;1328;5.5;0;0;0;0;0;0;0;0;3;3.0;0;0;0;0;0;0;0;0;0;0;0;0;0;0;6;3.0;0;0;0;0;0;0;0;0;0;0;0;0;0;0;
The Contractor;2013;tt2274172;223853;461;3.8;15;2.8;0;0;1;1;0;0;0;0;0;0;0;0;0;0;0;0;0;0;0;0;0;0;1;3.0;0;0;0;0;0;0;0;0;0;0;0;0;0;0;
Frontera;2013;tt2657944;229453;10;5.5;23;3.2;0;0;5;0;0;0;0;0;0;0;0;0;0;0;0;0;0;0;0;0;0;0;4;3.0;0;0;0;0;0;0;4;3.0;0;0;0;0;0;0;
Frozen;2013;tt2294629;143952;328979;7.7;671;2.9;12;48;67;35;11;20;10;3.1;0;0;1;0;0;0;0;0;0;0;0;0;0;0;47;2.8;0;2;2;0;2;0;131;3.0;3;14;9;11;4;1;
Fruitvale Station;2013;tt2334649;206453;39799;7.5;836;4.0;14;51;45;17;2;3;6;3.1;0;0;0;0;0;0;62;3.8;0;3;3;0;0;1;40;3.6;0;1;1;0;0;0;14;3.1;0;1;3;0;0;0;
Fukrey;2013;tt2806788;221498;5217;6.8;1;3.0;0;0;0;0;0;0;0;0;0;0;0;0;0;0;0;0;0;0;0;0;0;0;1;3.0;0;0;0;0;0;0;0;0;0;0;0;0;0;0;
Il Futuro;2013;tt1992156;217261;644;5.7;1;3.0;0;0;0;0;0;0;0;0;0;0;0;0;0;0;0;0;0;0;0;0;0;0;1;3.0;0;0;0;0;0;0;0;0;0;0;0;0;0;0;
G.B.F.;2013;tt2429074;225054;5789;6.0;13;3.4;0;1;0;0;0;0;0;0;0;0;0;0;0;0;0;0;0;0;0;0;0;0;3;3.1;0;0;0;0;0;0;0;0;0;0;0;0;0;0;
G.I. Joe: Retaliation;2013;tt1583421;170252;128248;5.8;4879;2.8;24;90;206;191;96;64;131;3.0;0;2;3;6;4;2;799;4.2;13;16;17;12;8;3;265;3.3;0;4;5;8;1;3;125;4.0;1;2;4;2;1;1;
Gabrielle;2013;tt3004010;220424;12;6.2;370;3.8;10;32;12;7;2;4;5;3.2;0;0;1;0;0;0;0;0;0;0;0;0;0;0;4;3.2;0;0;0;0;0;0;4;3.2;0;0;0;0;0;0;
Çanakkale Yolun Sonu;2013;tt2667550;215744;1733;7.6;13;3.2;0;0;2;0;0;0;0;0;0;0;0;0;0;0;0;0;0;0;0;0;0;0;5;3.2;1;0;0;0;0;0;126;4.2;8;6;7;1;2;0;
Losejas;2013;tt2924336;225614;951;7.5;13;2.7;0;1;2;0;0;1;0;0;0;0;0;0;0;0;0;0;0;0;0;0;0;0;1;3.0;0;0;0;0;0;0;1;3.0;0;0;0;0;0;0;
Game;2013;tt2167751;188565;14;7.3;1;3.0;0;0;0;0;0;0;1;3.0;0;0;0;0;0;0;0;0;0;0;0;0;0;0;1;3.0;0;0;0;0;0;0;0;0;0;0;0;0;0;0;
The Fall of the Essex Boys;2013;tt2364659;216748;546;3.7;21;2.7;1;0;0;4;1;0;0;0;0;0;0;0;0;0;0;0;0;0;0;0;0;0;3;2.9;0;0;0;0;0;0;0;0;0;0;0;0;0;0;
Gangster Squad;2013;tt1321870;186168;156193;6.8;7686;3.8;96;339;350;175;60;26;120;3.4;0;6;7;1;0;1;287;4.2;10;13;11;3;1;1;280;3.8;1;5;9;3;2;0;47;3.7;0;0;2;0;0;0;
O Menino e o Mundo;2013;tt3183630;227624;498;8.1;114;4.1;6;8;8;2;0;0;1;3.0;0;0;0;0;0;0;0;0;0;0;0;0;0;0;1;3.0;0;0;0;0;0;0;0;0;0;0;0;0;0;0;
Gare du Nord;2013;tt3067878;213993;177;6.0;349;2.3;3;13;18;18;14;12;0;0;0;0;0;0;0;0;0;0;0;0;0;0;0;0;1;3.0;0;0;0;0;0;0;0;0;0;0;0;0;0;0;
The Great Gatsby;2013;tt1343092;141808;303818;7.3;12387;4.0;323;580;377;233;109;61;180;3.8;2;6;10;3;2;1;685;4.4;22;31;19;8;0;0;379;4.0;5;11;3;4;0;1;102;3.9;3;7;8;6;0;0;
The Selfish Giant;2013;tt2304426;220936;6889;7.4;725;3.9;16;48;30;17;5;5;5;3.2;0;0;2;0;0;0;0;0;0;0;0;0;0;0;4;3.1;0;0;0;0;0;0;6;3.2;0;1;0;0;0;0;
Gelmeyen Bahar;2013;tt2509660;210537;103;4.9;5;3.0;1;0;1;0;0;0;0;0;0;0;0;0;0;0;0;0;0;0;0;0;0;0;2;3.0;0;0;0;0;0;0;8;3.2;0;0;0;0;0;0;
Geograf globus propil;2013;tt3155604;225319;1765;7.6;2;3.0;0;1;0;1;0;0;0;0;0;0;0;0;0;0;0;0;0;0;0;0;0;0;1;3.0;0;0;0;0;0;0;0;0;0;0;0;0;0;0;
Gerontophilia;2013;tt1815717;223803;662;6.3;388;3.2;6;18;28;11;6;1;0;0;0;0;0;0;0;0;0;0;0;0;0;0;0;0;2;3.0;0;0;0;0;0;0;2;3.0;0;0;0;0;0;0;
Getaway;2013;tt2167202;207526;16779;4.4;299;2.4;1;3;11;15;10;8;0;0;0;0;0;0;0;0;73;4.0;2;3;1;5;0;1;37;2.4;0;0;1;0;1;3;14;3.6;0;0;0;0;0;0;
A Haunted House;2013;tt2243537;213654;29779;5.0;462;2.7;5;15;37;14;9;8;11;2.7;0;0;0;0;1;0;335;3.6;8;8;11;9;5;5;47;2.7;0;0;2;0;3;1;8;2.6;0;0;0;1;0;1;
Ghost Team One;2013;tt2272336;217469;1604;4.6;15;2.5;0;0;0;1;1;0;0;0;0;0;0;0;0;0;3;2.9;0;0;0;0;0;0;2;2.9;0;0;0;0;1;0;0;0;0;0;0;0;0;0;
Gibraltar;2013;tt2121304;131253;635;6.2;1244;3.2;7;37;108;50;16;3;7;3.2;0;0;1;0;0;0;0;0;0;0;0;0;0;0;2;3.0;0;0;0;0;0;0;0;0;0;0;0;0;0;0;
Saikometeuri;2013;tt2709764;223077;465;6.5;5;3.0;0;0;1;1;0;0;0;0;0;0;0;0;0;0;0;0;0;0;0;0;0;0;0;0;0;0;0;0;0;0;0;0;0;0;0;0;0;0;
Gimme Shelter;2013;tt1657510;193548;4769;6.5;91;3.4;2;7;5;10;2;0;4;3.2;0;0;0;0;0;0;15;3.6;1;1;0;0;0;0;4;3.2;0;0;0;0;0;0;0;0;0;0;0;0;0;0;
Gingerclown;2013;tt2065945;196704;479;3.6;3;3.0;0;0;0;0;0;0;3;3.0;0;0;0;0;0;0;0;0;0;0;0;0;0;0;5;2.9;0;0;0;0;0;1;0;0;0;0;0;0;0;0;
Girafada;2013;tt3132086;221635;79;6.7;64;3.1;1;8;2;2;1;1;0;0;0;0;0;0;0;0;0;0;0;0;0;0;0;0;0;0;0;0;0;0;0;0;0;0;0;0;0;0;0;0;
Girl on a Bicycle;2013;tt1686042;182132;1144;6.2;0;0;0;0;0;0;0;0;2;3.0;0;0;0;0;0;0;0;0;0;0;0;0;0;0;3;3.0;0;0;0;0;0;0;0;0;0;0;0;0;0;0;
Giselle;2013;tt2218772;224221;21;7.3;11;3.5;2;0;0;0;0;0;0;0;0;0;0;0;0;0;0;0;0;0;0;0;0;0;1;3.0;0;0;0;0;0;0;0;0;0;0;0;0;0;0;
Gitme Baba;2013;tt2375540;214687;17;5.9;1;3.0;0;0;0;0;0;0;0;0;0;0;0;0;0;0;0;0;0;0;0;0;0;0;0;0;0;0;0;0;0;0;2;2.9;0;0;1;0;0;0;
Gloria;2013;tt2425486;216817;4830;6.9;451;3.0;8;18;28;19;8;4;12;3.1;0;0;3;0;0;0;25;3.6;0;0;0;0;0;0;18;3.0;0;2;0;0;0;1;12;3.2;0;1;0;1;0;0;
Go Goa Gone;2013;tt2436516;219097;7197;6.5;6;3.2;0;1;2;0;0;0;0;0;0;0;0;0;0;0;0;0;0;0;0;0;0;0;1;3.0;0;0;0;0;0;0;0;0;0;0;0;0;0;0;
Gold;2013;tt2338846;204385;506;6.3;196;3.2;3;21;20;12;5;1;2;3.0;0;0;0;0;0;0;0;0;0;0;0;0;0;0;6;3.1;0;0;0;0;0;0;2;3.0;0;0;0;0;0;0;
Gold;2013;tt2338846;205099;506;6.3;1;3.0;0;0;0;0;0;0;1;3.0;0;0;0;0;0;0;0;0;0;0;0;0;0;0;2;3.0;0;0;0;0;0;0;1;3.0;0;0;0;0;0;0;
Good Morning Karachi;2013;tt1842446;223857;152;5.6;1;3.0;0;0;0;0;0;0;0;0;0;0;0;0;0;0;0;0;0;0;0;0;0;0;1;3.0;0;0;0;0;0;0;0;0;0;0;0;0;0;0;
Grace Unplugged;2013;tt2349460;222449;2041;6.0;5;3.1;0;0;1;0;0;0;0;0;0;0;0;0;0;0;0;0;0;0;0;0;0;0;2;3.1;0;0;0;0;0;0;0;0;0;0;0;0;0;0;
Grand Central;2013;tt2835548;206128;1298;6.3;1511;2.7;6;38;91;66;28;21;3;3.0;0;0;0;0;0;0;6;3.0;0;0;0;0;0;0;3;3.0;0;0;0;0;0;0;3;3.0;0;0;0;0;0;0;
Grand départ;2013;tt2361110;200602;65;5.5;287;2.3;3;8;19;19;6;8;1;3.0;0;0;0;0;0;0;0;0;0;0;0;0;0;0;1;3.0;0;0;0;0;0;0;0;0;0;0;0;0;0;0;
Grand Piano;2013;tt2039345;207069;9660;5.9;190;2.5;2;3;9;11;1;8;54;2.8;0;2;1;3;0;0;43;3.1;1;2;2;5;2;0;13;3.4;0;2;0;0;0;0;5;3.1;0;0;1;0;0;0;
The Grand Seduction;2013;tt2319580;207118;7464;7.0;43;3.1;1;3;1;3;0;0;17;3.3;0;0;2;0;0;0;0;0;0;0;0;0;0;0;14;3.1;0;0;0;1;0;0;0;0;0;0;0;0;0;0;
Great Expectations;2013;tt2736822;190181;48;6.3;0;0;0;0;0;0;0;0;24;2.7;0;0;0;3;0;1;0;0;0;0;0;0;0;0;10;2.8;0;0;0;0;0;1;9;3.3;0;0;0;0;0;0;
Gravity;2013;tt1454468;178496;485565;7.9;23008;4.0;922;1252;721;506;261;238;526;3.9;8;21;11;9;5;2;2210;4.3;129;80;50;33;19;14;769;4.2;44;31;16;16;4;6;192;4.1;14;22;14;5;1;2;
The Green Inferno;2013;tt2403021;207698;1046;6.0;0;0;0;0;0;0;0;0;0;0;0;0;0;0;0;0;0;0;0;0;0;0;0;0;6;3.2;0;0;0;0;0;0;4;3.2;0;0;0;0;0;0;
Grigris;2013;tt2852394;214048;256;6.1;189;3.0;0;13;13;13;2;0;0;0;0;0;0;0;0;0;2;3.0;0;0;0;0;0;0;0;0;0;0;0;0;0;0;2;3.0;0;0;0;0;0;0;
Jack the Giant Killer;2013;tt2552498;217596;1313;2.2;15;2.4;0;0;0;2;2;0;0;0;0;0;0;0;0;0;0;0;0;0;0;0;0;0;1;3.0;0;0;0;0;0;0;0;0;0;0;0;0;0;0;
HairBrained;2013;tt1426363;226991;703;5.6;19;2.6;0;0;0;2;2;0;0;0;0;0;0;0;0;0;0;0;0;0;0;0;0;0;1;3.0;0;0;0;0;0;0;0;0;0;0;0;0;0;0;
Hammer of the Gods;2013;tt2193418;216630;6194;4.5;178;2.0;2;1;7;9;4;10;0;0;0;0;0;0;0;0;17;2.7;0;0;0;0;1;1;5;3.0;0;0;0;0;0;0;0;0;0;0;0;0;0;0;
Hanni & Nanni 3;2013;tt2610798;210086;65;6.1;4;3.2;0;0;0;0;0;0;0;0;0;0;0;0;0;0;0;0;0;0;0;0;0;0;28;3.6;0;0;0;0;0;0;0;0;0;0;0;0;0;0;
Hansel & Gretel: Warriors of Witchcraft;2013;tt2381962;216855;1423;2.6;47;3.0;0;2;1;2;0;0;0;0;0;0;0;0;0;0;0;0;0;0;0;0;0;0;4;2.8;0;0;0;0;0;0;0;0;0;0;0;0;0;0;
Rush;2013;tt1979320;224419;234767;8.2;37;2.4;0;0;1;4;4;0;0;0;0;0;0;0;0;0;6;2.9;0;0;0;1;0;0;0;0;0;0;0;0;0;0;0;0;0;0;0;0;0;0;
Harrigan;2013;tt2115325;223301;341;4.8;2;2.9;0;0;0;2;0;0;0;0;0;0;0;0;0;0;0;0;0;0;0;0;0;0;1;3.0;0;0;0;0;0;0;0;0;0;0;0;0;0;0;
Hateship Loveship;2013;tt2463512;214508;2987;6.1;0;0;0;0;0;0;0;0;5;2.9;0;0;1;0;0;0;10;3.1;0;0;0;0;0;0;4;3.0;0;0;0;1;0;0;0;0;0;0;0;0;0;0;
Haunter;2013;tt2345567;205903;9776;5.9;243;2.8;2;10;18;15;6;2;4;3.0;0;0;0;0;0;0;0;0;0;0;0;0;0;0;14;3.0;0;4;1;0;0;0;13;3.5;0;1;0;1;0;0;
The Haunting in Connecticut 2: Ghosts of Georgia;2013;tt1457765;196797;11184;5.2;207;2.8;2;5;15;11;10;3;32;2.3;0;0;0;3;0;2;0;0;0;0;0;0;0;0;11;3.1;0;1;0;0;0;0;0;0;0;0;0;0;0;0;
Hawaii;2013;tt2801746;222658;1729;7.4;6;3.2;0;0;1;0;0;0;0;0;0;0;0;0;0;0;0;0;0;0;0;0;0;0;2;3.1;0;0;0;0;0;0;2;3.1;0;0;0;0;0;0;
Haz de tu vida una obra de arte;2013;tt2347194;229176;27;4.0;1;3.0;0;0;0;0;0;0;1;3.0;0;0;1;0;0;0;0;0;0;0;0;0;0;0;1;3.0;0;0;0;0;0;0;0;0;0;0;0;0;0;0;
Leijonasydän;2013;tt2343617;230435;1542;7.1;20;3.1;1;1;3;0;0;1;0;0;0;0;0;0;0;0;0;0;0;0;0;0;0;0;1;3.0;0;0;0;0;0;0;0;0;0;0;0;0;0;0;
Heatstroke;2013;tt3663040;229686;1518;4.8;34;2.4;0;0;1;3;1;0;4;2.8;0;0;0;0;0;0;0;0;0;0;0;0;0;0;5;2.9;0;0;0;0;0;0;0;0;0;0;0;0;0;0;
Heli;2013;tt2852376;220819;2828;6.8;94;3.1;4;4;9;4;2;2;12;3.0;0;0;1;0;0;0;8;2.9;0;0;1;0;0;0;6;3.1;0;1;0;0;0;0;4;3.0;0;0;0;0;0;0;
Hell Baby;2013;tt2318527;205153;6581;4.8;17;2.9;1;0;2;0;0;0;3;2.9;0;0;0;0;0;0;0;0;0;0;0;0;0;0;3;2.9;0;0;1;0;0;0;3;2.9;0;0;0;0;0;0;
Hellhounds;2013;tt2943990;186365;23;6.3;6;2.6;0;0;0;0;2;4;1;2.9;0;0;0;0;0;0;0;0;0;0;0;0;0;0;1;2.9;0;0;0;0;0;0;0;0;0;0;0;0;0;0;
Helpless;2013;tt3095256;214961;12;5.2;7;3.3;1;0;2;0;0;0;0;0;0;0;0;0;0;0;0;0;0;0;0;0;0;0;1;3.0;0;0;0;0;0;0;0;0;0;0;0;0;0;0;
Henri;2013;tt2865688;193094;167;6.2;383;3.6;14;27;25;20;6;0;2;3.1;0;0;0;0;0;0;0;0;0;0;0;0;0;0;2;3.1;0;0;0;0;0;0;2;3.1;0;0;0;0;0;0;
Heute bin ich blond;2013;tt2387806;201650;1051;6.9;27;3.3;0;0;1;2;0;0;3;3.1;0;0;0;0;0;0;0;0;0;0;0;0;0;0;29;3.3;1;2;1;1;0;0;0;0;0;0;0;0;0;0;
Hide Your Smiling Faces;2013;tt1964773;222171;1052;6.1;0;0;0;0;0;0;0;0;0;0;0;0;0;0;0;0;0;0;0;0;0;0;0;0;2;2.9;0;0;0;0;0;0;0;0;0;0;0;0;0;0;
Tesis sobre un homicidio;2013;tt2241605;208342;3970;6.3;134;2.9;0;4;8;8;6;0;36;2.8;0;1;3;0;1;0;95;3.8;0;2;4;0;0;0;0;0;0;0;0;0;0;0;7;3.0;0;0;1;0;0;0;
HK: Hentai Kamen;2013;tt2708764;222441;849;6.1;19;3.1;0;3;1;1;1;0;0;0;0;0;0;0;0;0;0;0;0;0;0;0;0;0;1;3.0;0;0;0;0;0;0;0;0;0;0;0;0;0;0;
The Hobbit: The Desolation of Smaug;2013;tt1170358;186918;396067;8.0;17618;4.3;425;778;424;228;83;50;422;4.2;7;12;17;2;1;1;2463;4.6;93;73;21;14;6;2;893;4.3;16;33;22;13;10;3;321;4.5;13;20;7;3;1;0;
Homefront;2013;tt2558484;210839;14;7.0;3625;3.8;30;135;197;61;17;7;69;3.6;0;2;5;0;1;0;146;4.1;2;2;2;2;0;0;136;3.7;3;1;9;4;0;1;31;3.5;0;0;1;1;0;0;
O Homem das Multidões;2013;tt3422390;223804;104;6.7;4;2.8;0;0;1;0;0;1;0;0;0;0;0;0;0;0;14;3.3;1;2;0;0;0;0;3;2.9;0;0;0;0;0;0;0;0;0;0;0;0;0;0;
Walesa. Czlowiek z nadziei;2013;tt2113820;200174;1093;6.6;74;3.6;1;4;13;0;0;0;3;3.1;0;0;0;0;0;0;0;0;0;0;0;0;0;0;3;3.1;0;0;0;0;0;0;3;3.1;0;0;0;0;0;0;
Green Street 3: Never Back Down;2013;tt2628316;227588;2703;5.4;72;2.3;1;0;2;2;1;0;0;0;0;0;0;0;0;0;0;0;0;0;0;0;0;0;0;0;0;0;0;0;0;0;0;0;0;0;0;0;0;0;
So-won;2013;tt3153634;224874;449;8.1;11;3.4;0;1;1;0;0;0;0;0;0;0;0;0;0;0;0;0;0;0;0;0;0;0;1;3.0;0;0;0;0;0;0;0;0;0;0;0;0;0;0;
Horns;2013;tt1528071;173989;34658;6.5;2637;3.1;22;83;150;73;38;22;0;0;0;0;0;0;0;0;0;0;0;0;0;0;0;0;0;0;0;0;0;0;0;0;0;0;0;0;0;0;0;0;
Hot Dog;2013;tt3013930;231066;98;5.1;1;2.9;0;0;0;0;0;0;0;0;0;0;0;0;0;0;0;0;0;0;0;0;0;0;1;2.9;0;0;0;0;0;0;0;0;0;0;0;0;0;0;
The Hot Flashes;2013;tt2201251;203627;1146;5.0;7;2.9;0;1;0;1;0;0;3;2.9;0;0;0;0;0;0;5;3.0;0;0;0;0;0;0;3;2.9;0;0;0;0;0;0;3;2.9;0;0;0;0;0;0;
Hours;2013;tt2094018;198182;18539;6.5;344;3.3;6;8;22;9;5;2;9;3.2;0;0;1;0;0;0;64;3.9;2;4;1;0;1;1;25;3.2;1;0;0;1;0;0;7;3.1;0;0;1;0;0;0;
House of Last Things;2013;tt1464539;208836;3240;6.3;0;0;0;0;0;0;0;0;0;0;0;0;0;0;0;0;0;0;0;0;0;0;0;0;1;3.0;0;0;0;0;0;0;0;0;0;0;0;0;0;0;
How I Live Now;2013;tt1894476;200881;16664;6.5;524;3.7;8;23;39;17;6;0;17;3.5;0;0;1;0;0;0;34;3.9;2;1;2;0;0;0;10;3.3;0;1;0;1;0;0;8;3.3;0;0;1;0;0;0;
Hunting Season;2013;tt2217829;229485;37;6.6;1;3.0;0;0;0;0;0;0;0;0;0;0;0;0;0;0;0;0;0;0;0;0;0;0;1;3.0;0;0;0;0;0;0;0;0;0;0;0;0;0;0;
I Am I;2013;tt1825806;208834;126;5.4;4;2.8;0;0;1;0;0;0;0;0;0;0;0;0;0;0;0;0;0;0;0;0;0;0;1;3.0;0;0;0;0;0;0;0;0;0;0;0;0;0;0;
I Spit on Your Grave 2;2013;tt2537176;218451;13379;5.7;161;3.4;4;5;21;8;4;2;0;0;0;0;0;0;0;0;26;3.4;1;0;1;0;0;0;24;2.9;0;1;2;0;1;1;18;3.2;1;0;1;1;1;0;
Svengali;2013;tt2262175;203944;673;5.6;29;2.7;0;0;2;1;0;0;2;2.9;0;0;0;0;0;0;0;0;0;0;0;0;0;0;2;2.9;0;0;0;0;0;0;2;2.9;0;0;0;0;0;0;
Ice Soldiers;2013;tt3104304;225375;1550;4.2;40;2.1;0;2;0;3;5;2;0;0;0;0;0;0;0;0;0;0;0;0;0;0;0;0;2;2.9;0;0;0;0;0;0;0;0;0;0;0;0;0;0;
Ida;2013;tt2718492;223850;21765;7.4;1651;3.9;56;100;57;33;16;8;29;3.2;0;1;1;0;0;0;76;3.5;1;5;5;1;0;0;17;3.3;0;1;1;0;0;0;10;2.8;0;1;0;0;0;0;
About Time;2013;tt2194499;201760;153584;7.8;3670;4.2;80;189;113;43;11;6;120;3.9;1;10;5;0;0;0;828;4.6;69;30;9;3;2;1;119;4.1;6;10;2;0;0;0;56;3.3;1;1;2;0;0;1;
Return to Nim's Island;2013;tt2221648;224903;919;5.0;20;2.8;0;0;0;1;1;1;0;0;0;0;0;0;0;0;3;3.0;0;0;0;0;0;0;3;3.0;0;0;0;0;0;0;0;0;0;0;0;0;0;0;
Ilusión;2013;tt2542842;221015;69;7.2;1;3.1;0;0;0;0;0;0;1;3.1;1;0;0;0;0;0;0;0;0;0;0;0;0;0;1;3.1;0;0;0;0;0;0;0;0;0;0;0;0;0;0;
Ilo Ilo;2013;tt2901736;220942;2246;7.3;395;3.7;3;22;29;3;0;1;0;0;0;0;0;0;0;0;0;0;0;0;0;0;0;0;3;3.0;0;0;0;0;0;0;3;3.0;0;0;0;0;0;0;
I'm in Love with a Church Girl;2013;tt1618432;212179;999;4.2;7;3.1;0;0;0;0;0;0;2;3.0;0;0;0;0;0;0;6;3.2;0;0;0;1;0;0;2;3.0;0;0;0;0;0;0;0;0;0;0;0;0;0;0;
I'm Still Here;2013;tt2636364;183456;594;8.3;357;3.1;9;9;16;6;4;7;13;3.1;0;0;0;1;0;0;5;3.2;0;0;0;0;0;0;15;3.3;0;1;1;0;0;0;0;0;0;0;0;0;0;0;
The Immigrant;2013;tt1951181;194666;14686;6.6;2012;3.1;16;64;102;93;26;8;33;3.5;0;1;4;0;0;0;54;3.8;3;2;2;1;0;0;10;3.1;0;1;0;0;0;0;0;0;0;0;0;0;0;0;
In a World...;2013;tt2294677;216322;20552;6.7;86;2.5;0;1;4;4;2;1;5;2.9;0;0;0;0;0;0;0;0;0;0;0;0;0;0;4;3.0;0;0;0;0;0;0;0;0;0;0;0;0;0;0;
In Fear;2013;tt2165859;217680;4745;5.4;29;2.7;1;0;1;1;0;2;5;3.1;0;0;0;0;0;0;10;2.8;0;0;1;1;0;0;11;3.0;0;0;2;0;0;0;11;2.8;0;0;0;1;1;2;
In Secret;2013;tt0409379;199496;3331;6.1;35;3.1;0;1;1;3;0;0;3;3.1;0;0;1;0;0;0;0;0;0;0;0;0;0;0;3;3.1;0;0;0;0;0;0;0;0;0;0;0;0;0;0;
InAPPropriate Comedy;2013;tt1754811;201114;2758;2.9;6;3.1;2;0;0;0;0;0;3;3.0;0;0;0;0;0;0;0;0;0;0;0;0;0;0;3;3.0;0;0;0;0;0;0;0;0;0;0;0;0;0;0;
The Incredible Burt Wonderstone;2013;tt0790628;138724;54701;5.9;0;0;0;0;0;0;0;0;0;0;0;0;0;0;0;0;76;3.8;4;2;6;1;0;0;55;2.7;0;0;2;0;0;0;0;0;0;0;0;0;0;0;
Independence Daysaster;2013;tt2645670;224791;580;3.5;44;1.9;0;0;1;3;3;5;2;2.9;0;0;0;0;0;0;0;0;0;0;0;0;0;0;4;2.8;0;0;0;0;1;1;0;0;0;0;0;0;0;0;
Indésirables;2013;tt3188750;231135;13;4.8;29;3.4;2;4;3;2;0;1;0;0;0;0;0;0;0;0;0;0;0;0;0;0;0;0;1;3.0;0;0;0;0;0;0;0;0;0;0;0;0;0;0;
The Demented;2013;tt2113792;215344;1104;3.8;69;1.8;0;0;1;10;5;7;0;0;0;0;0;0;0;0;0;0;0;0;0;0;0;0;7;2.9;0;0;1;0;0;0;0;0;0;0;0;0;0;0;
Snitch;2013;tt0882977;130326;56779;6.5;1544;3.5;12;51;110;40;7;1;50;2.9;0;0;7;1;1;1;170;4.2;2;6;9;1;0;0;105;3.4;0;0;4;2;1;0;31;3.7;0;0;1;0;0;0;
Innocent;2013;tt3494184;201167;16;6.0;1;3.0;0;0;0;0;0;0;1;3.0;0;0;0;0;0;0;0;0;0;0;0;0;0;0;2;2.9;0;0;0;0;0;0;0;0;0;0;0;0;0;0;
Now You See Me;2013;tt1670345;182605;362484;7.3;18402;4.0;407;905;579;339;150;90;345;3.8;6;9;13;8;3;2;1697;4.5;61;34;25;7;5;2;416;4.0;4;12;11;9;3;0;135;4.2;1;7;8;2;0;0;
Inside Llewyn Davis;2013;tt2042568;195051;72432;7.5;3695;3.6;37;187;144;113;46;32;66;3.5;1;2;3;1;1;0;67;3.8;1;2;5;0;0;0;101;3.9;3;10;4;0;0;0;26;3.6;2;4;0;0;0;0;
Interior. Leather Bar.;2013;tt2352488;209952;1555;5.2;57;2.4;0;2;2;1;3;4;3;3.1;0;0;0;0;0;0;0;0;0;0;0;0;0;0;5;3.1;0;0;0;0;0;0;3;3.1;0;0;0;0;0;0;
The Interview;2013;tt2533492;219994;12;5.4;1575;3.1;10;40;54;35;14;7;28;2.9;0;0;2;1;1;0;225;3.6;12;10;11;7;6;3;96;3.3;1;5;6;4;1;2;19;3.2;0;0;1;1;1;0;
The Invisible Woman;2013;tt1700845;182208;5290;6.2;44;3.1;0;0;1;1;2;0;7;3.1;0;0;1;0;0;0;0;0;0;0;0;0;0;0;9;3.0;0;0;1;0;0;0;6;3.1;0;0;0;1;0;0;
Yip Man: Jung gik yat jin;2013;tt2495118;222724;4853;6.0;89;2.8;0;0;4;4;4;1;0;0;0;0;0;0;0;0;6;3.1;1;0;0;0;0;0;5;3.0;0;0;0;0;0;0;0;0;0;0;0;0;0;0;
Irandam Ulagam;2013;tt3107246;225388;739;6.1;3;3.0;0;0;0;0;1;0;0;0;0;0;0;0;0;0;0;0;0;0;0;0;0;0;1;3.0;0;0;0;0;0;0;0;0;0;0;0;0;0;0;
Iron Man 3;2013;tt1300854;139589;450414;7.3;19978;4.0;419;830;678;423;167;108;515;4.0;6;18;15;3;5;3;3530;4.5;104;68;70;39;19;13;943;4.2;5;23;22;9;3;2;284;4.3;8;16;10;2;0;1;
Island;2013;tt2059227;192297;18;6.4;8;3.4;1;0;0;0;0;0;2;3.1;0;0;0;0;0;0;0;0;0;0;0;0;0;0;2;3.1;0;0;0;0;0;0;0;0;0;0;0;0;0;0;
Ismael;2013;tt1710393;209544;506;6.2;0;0;0;0;0;0;0;0;53;3.8;4;1;2;2;1;0;0;0;0;0;0;0;0;0;2;3.0;0;0;0;0;0;0;0;0;0;0;0;0;0;0;
Jack the Giant Slayer;2013;tt1351685;142233;92981;6.3;3616;3.4;27;118;247;98;24;13;95;3.2;0;1;5;1;1;0;466;4.0;6;16;18;11;3;2;109;3.6;0;2;1;1;0;0;55;3.5;3;1;1;2;1;0;
Câinele Japonez;2013;tt3223280;225399;256;6.9;1;3.0;0;0;0;0;0;0;0;0;0;0;0;0;0;0;0;0;0;0;0;0;0;0;1;3.0;0;0;0;0;0;0;1;3.0;0;0;0;0;0;0;
Jappeloup;2013;tt2018079;175607;803;6.8;4597;4.2;297;379;157;44;17;35;6;3.1;0;0;2;0;0;0;0;0;0;0;0;0;0;0;9;3.2;0;3;1;0;0;0;0;0;0;0;0;0;0;0;
Jasmine;2013;tt3043848;221082;29;6.3;41;3.4;1;3;0;0;0;1;0;0;0;0;0;0;0;0;0;0;0;0;0;0;0;0;1;3.0;0;0;0;0;0;0;0;0;0;0;0;0;0;0;
Java Heat;2013;tt2083231;198266;3726;5.2;0;0;0;0;0;0;0;0;4;3.1;0;0;0;0;0;0;4;3.1;1;0;0;0;0;0;8;2.9;0;0;0;0;0;0;4;3.1;0;0;0;0;0;0;
Je fais le mort;2013;tt2795848;189687;420;5.8;1365;2.7;5;46;99;55;25;10;2;3.0;0;0;0;0;0;0;9;3.1;0;2;0;0;0;0;2;3.0;0;0;0;0;0;0;0;0;0;0;0;0;0;0;
Je m'appelle Hmmm...;2013;tt2325761;137322;79;5.0;15;2.8;0;0;1;1;0;2;0;0;0;0;0;0;0;0;0;0;0;0;0;0;0;0;0;0;0;0;0;0;0;0;1;3.0;0;0;0;0;0;0;
Je suis supporter du Standard;2013;tt2559122;219677;98;5.3;243;2.7;1;19;21;10;5;5;0;0;0;0;0;0;0;0;0;0;0;0;0;0;0;0;1;3.0;0;0;0;0;0;0;0;0;0;0;0;0;0;0;
Viaggio sola;2013;tt2261434;225416;833;6.3;142;3.3;1;9;12;5;1;0;9;2.9;0;0;0;1;0;0;0;0;0;0;0;0;0;0;2;3.0;0;0;0;0;0;0;0;0;0;0;0;0;0;0;
Jeg er din;2013;tt2798170;225111;377;6.1;2;3.1;0;0;1;0;0;0;0;0;0;0;0;0;0;0;0;0;0;0;0;0;0;0;1;3.0;0;0;0;0;0;0;1;3.0;0;0;0;0;0;0;
Jimmy;2013;tt1376205;220830;175;6.2;0;0;0;0;0;0;0;0;0;0;0;0;0;0;0;0;1;3.0;0;0;0;0;0;0;0;0;0;0;0;0;0;0;0;0;0;0;0;0;0;0;
Jimmy P.;2013;tt2210834;208939;1513;6.0;1152;3.5;8;59;65;33;11;5;8;3.0;0;0;1;0;0;0;7;3.2;0;0;1;0;0;0;6;3.1;0;0;0;0;0;0;6;3.1;0;0;1;0;0;0;
Jobs;2013;tt2357129;198187;63512;5.9;2623;3.0;23;72;119;119;32;16;88;3.2;1;2;7;2;2;0;311;3.9;6;4;9;6;1;2;34;3.2;0;0;1;0;1;0;25;3.5;0;1;3;0;0;0;
Joe;2013;tt2382396;212468;28680;6.9;1948;3.5;26;115;124;45;19;10;24;3.1;0;0;3;0;0;0;0;0;0;0;0;0;0;0;30;3.4;0;5;2;0;0;0;20;3.5;0;0;2;0;0;0;
Joséphine;2013;tt2430044;212729;549;5.6;2276;3.0;12;103;125;80;24;32;0;0;0;0;0;0;0;0;0;0;0;0;0;0;0;0;0;0;0;0;0;0;0;0;0;0;0;0;0;0;0;0;
Jug Face;2013;tt2620736;217602;3996;5.2;11;2.6;0;0;0;0;1;0;0;0;0;0;0;0;0;0;0;0;0;0;0;0;0;0;4;2.8;0;1;0;0;2;0;0;0;0;0;0;0;0;0;
Juliette;2013;tt2979572;213835;69;5.7;150;2.5;2;5;7;6;10;6;0;0;0;0;0;0;0;0;0;0;0;0;0;0;0;0;1;3.0;0;0;0;0;0;0;0;0;0;0;0;0;0;0;
The Jungle;2013;tt2444092;226841;604;4.1;40;2.0;0;0;3;2;1;4;0;0;0;0;0;0;0;0;0;0;0;0;0;0;0;0;1;3.0;0;0;0;0;0;0;0;0;0;0;0;0;0;0;
Robin Hood;2013;tt2363363;222657;55;6.5;30;3.5;0;2;3;1;0;0;0;0;0;0;0;0;0;0;0;0;0;0;0;0;0;0;2;3.1;0;0;0;0;0;0;0;0;0;0;0;0;0;0;
Justin and the Knights of Valour;2013;tt1639826;206737;3650;6.1;6;3.1;0;1;0;0;0;0;34;3.6;1;0;1;1;0;0;32;3.8;1;0;0;1;0;0;8;3.2;0;0;0;0;0;0;6;3.1;0;0;0;0;0;0;
Kadal;2013;tt2344672;217991;943;5.8;0;0;0;0;0;0;0;0;0;0;0;0;0;0;0;0;0;0;0;0;0;0;0;0;2;3.1;0;0;0;0;0;0;0;0;0;0;0;0;0;0;
Kedi Billa Killadi Ranga;2013;tt2419506;220064;347;5.2;2;3.0;0;0;0;0;0;0;0;0;0;0;0;0;0;0;0;0;0;0;0;0;0;0;1;3.0;0;0;0;0;0;0;0;0;0;0;0;0;0;0;
Keinohrhase und Zweiohrküken;2013;tt2990702;186923;161;4.3;2;3.0;0;0;0;0;0;0;2;3.0;0;0;0;0;0;0;0;0;0;0;0;0;0;0;15;2.8;1;0;1;0;1;0;0;0;0;0;0;0;0;0;
Kertu;2013;tt2534648;225391;548;7.5;29;3.8;3;4;2;0;0;0;0;0;0;0;0;0;0;0;0;0;0;0;0;0;0;0;1;3.0;0;0;0;0;0;0;0;0;0;0;0;0;0;0;
Khumba;2013;tt1487931;205730;3182;5.8;349;3.0;3;6;25;12;3;2;11;3.1;2;0;0;0;0;0;50;3.4;1;1;1;1;2;1;6;2.9;0;0;0;0;0;0;5;3.0;0;0;0;0;0;0;
Kick-Ass 2;2013;tt1650554;178979;165383;6.7;9072;3.9;234;464;288;127;72;34;105;3.5;3;4;6;2;0;0;796;4.5;27;22;17;6;1;1;268;3.8;1;8;8;7;0;2;37;3.4;1;1;2;0;1;1;
Kidon;2013;tt2991008;208451;155;5.2;398;2.0;7;12;10;15;15;13;0;0;0;0;0;0;0;0;0;0;0;0;0;0;0;0;0;0;0;0;0;0;0;0;0;0;0;0;0;0;0;0;
Kill Your Darlings;2013;tt1311071;144804;19343;6.5;0;0;0;0;0;0;0;0;12;3.3;0;0;2;0;0;0;109;4.1;1;4;2;0;1;0;28;3.4;0;4;0;0;0;0;13;3.3;1;1;0;1;0;0;
Kingdom Come;2013;tt3151724;230840;19;7.4;74;2.1;0;1;0;9;4;5;0;0;0;0;0;0;0;0;0;0;0;0;0;0;0;0;2;3.0;0;0;0;0;0;0;0;0;0;0;0;0;0;0;
King's Faith;2013;tt2004271;219722;363;6.2;0;0;0;0;0;0;0;0;0;0;0;0;0;0;0;0;0;0;0;0;0;0;0;0;2;3.1;0;0;0;0;0;0;0;0;0;0;0;0;0;0;
Knights of Badassdom;2013;tt1545660;182828;13477;5.7;74;3.0;0;3;5;2;1;1;0;0;0;0;0;0;0;0;0;0;0;0;0;0;0;0;6;3.1;0;0;0;0;0;0;0;0;0;0;0;0;0;0;
Kopfüber;2013;tt2271287;217963;28;5.5;1;3.1;0;0;0;0;0;0;0;0;0;0;0;0;0;0;0;0;0;0;0;0;0;0;1;3.1;1;0;0;0;0;0;0;0;0;0;0;0;0;0;
La herida;2013;tt2721712;221272;619;6.2;0;0;0;0;0;0;0;0;27;2.7;0;2;1;1;1;1;0;0;0;0;0;0;0;0;2;3.0;0;0;0;0;0;0;0;0;0;0;0;0;0;0;
The Truth About Emanuel;2013;tt1838520;190352;5294;6.0;84;3.6;1;4;3;1;0;0;4;3.1;0;0;0;0;0;0;0;0;0;0;0;0;0;0;7;3.0;0;0;0;0;0;0;0;0;0;0;0;0;0;0;
Lac Mystère;2013;tt2486148;225760;114;5.9;3;3.0;0;0;0;0;0;0;0;0;0;0;0;0;0;0;0;0;0;0;0;0;0;0;1;3.0;0;0;0;0;0;0;0;0;0;0;0;0;0;0;
Landes;2013;tt2242174;208551;61;6.4;255;3.0;5;16;22;18;6;4;0;0;0;0;0;0;0;0;0;0;0;0;0;0;0;0;0;0;0;0;0;0;0;0;0;0;0;0;0;0;0;0;
Labor Day;2013;tt1967545;172227;24444;6.9;1611;3.9;21;97;69;26;10;1;26;3.3;0;1;2;0;0;0;47;3.7;1;2;2;0;0;1;34;3.5;0;3;5;0;0;0;8;3.1;0;0;1;0;0;0;
The Last Days on Mars;2013;tt1709143;207781;23783;5.5;293;2.4;2;4;20;19;11;4;9;3.0;0;0;0;0;0;0;19;3.1;0;1;1;0;1;0;23;2.7;0;1;1;4;0;0;0;0;0;0;0;0;0;0;
The Last of Robin Hood;2013;tt2450440;214079;589;5.5;0;0;0;0;0;0;0;0;4;2.9;0;0;0;0;0;0;0;0;0;0;0;0;0;0;2;3.0;0;0;0;0;0;0;2;3.0;0;0;0;0;0;0;
Last Passenger;2013;tt1858481;222254;3008;5.6;122;1.8;0;2;3;6;7;5;0;0;0;0;0;0;0;0;0;0;0;0;0;0;0;0;6;2.7;0;0;0;0;0;0;0;0;0;0;0;0;0;0;
Last Summer;2013;tt2719868;229108;198;5.8;2;2.9;0;0;0;0;0;0;0;0;0;0;0;0;0;0;0;0;0;0;0;0;0;0;3;2.9;0;0;0;0;0;0;0;0;0;0;0;0;0;0;
Last Vegas;2013;tt1204975;181122;91103;6.7;1761;3.4;9;49;93;50;11;4;39;3.1;0;0;6;2;0;0;369;4.2;10;7;11;3;1;0;80;3.6;0;1;2;1;0;0;21;3.2;0;0;1;1;0;0;
Layla Fourie;2013;tt2296835;203502;91;5.7;22;3.0;2;1;1;0;2;0;0;0;0;0;0;0;0;0;0;0;0;0;0;0;0;0;1;3.0;0;0;0;0;0;0;1;3.0;0;0;0;0;0;0;
Ritter Rost - Eisenhart und voll verbeult;2013;tt2408734;202925;127;4.5;3;2.9;0;0;0;0;0;0;2;2.9;0;0;0;0;0;0;0;0;0;0;0;0;0;0;12;2.9;1;0;0;1;0;0;2;2.9;0;0;0;0;0;0;
Snails in the Rain;2013;tt2924590;222646;573;6.2;1;3.0;0;0;0;0;0;0;0;0;0;0;0;0;0;0;0;0;0;0;0;0;0;0;3;2.9;0;0;0;0;0;0;0;0;0;0;0;0;0;0;
Igra v pravdu;2013;tt2996932;225321;315;7.0;1;2.9;0;0;0;0;0;0;0;0;0;0;0;0;0;0;0;0;0;0;0;0;0;0;1;2.9;0;0;0;0;0;0;0;0;0;0;0;0;0;0;
Legendary;2013;tt2369041;176479;963;3.9;106;4.0;3;8;9;2;0;1;0;0;0;0;0;0;0;0;0;0;0;0;0;0;0;0;4;3.2;0;0;0;0;0;0;0;0;0;0;0;0;0;0;
The Legend of Sarila;2013;tt2296935;193468;392;5.3;13;2.6;0;0;0;2;0;0;1;3.0;0;0;0;0;0;0;0;0;0;0;0;0;0;0;1;3.0;0;0;0;0;0;0;0;0;0;0;0;0;0;0;
Anchorman 2: The Legend Continues;2013;tt1229340;205681;105522;6.4;505;3.3;2;15;26;14;2;0;0;0;0;0;0;0;0;0;98;3.5;1;3;4;4;0;3;64;3.4;1;4;2;0;0;0;10;2.9;0;0;0;2;0;0;
Ragin Cajun Redneck Gators;2013;tt2634414;226452;340;3.6;8;2.5;0;0;0;1;0;2;0;0;0;0;0;0;0;0;0;0;0;0;0;0;0;0;2;2.9;0;0;0;0;0;0;0;0;0;0;0;0;0;0;
Liars All;2013;tt1865545;221894;877;4.2;1;3.1;0;0;0;0;0;0;0;0;0;0;0;0;0;0;0;0;0;0;0;0;0;0;1;3.1;0;0;0;0;0;0;0;0;0;0;0;0;0;0;
Life of a King;2013;tt2708254;225966;3888;6.9;5;3.1;0;1;0;1;0;0;0;0;0;0;0;0;0;0;19;3.5;0;0;0;0;0;0;2;3.0;0;0;0;0;0;0;0;0;0;0;0;0;0;0;
Life of Crime;2013;tt1663207;179186;8168;5.8;0;0;0;0;0;0;0;0;4;3.0;0;0;0;0;0;0;14;2.7;0;0;0;0;0;0;5;3.0;0;0;0;0;0;0;8;3.0;0;0;0;1;0;0;
The Lifeguard;2013;tt2265534;210256;9725;5.7;0;0;0;0;0;0;0;0;3;3.1;0;0;0;0;0;0;9;3.1;0;0;0;0;0;0;3;3.1;0;0;0;0;0;0;3;3.1;0;0;0;0;0;0;
Hayatboyu;2013;tt2637978;217669;306;5.7;0;0;0;0;0;0;0;0;0;0;0;0;0;0;0;0;0;0;0;0;0;0;0;0;4;2.9;0;0;0;0;0;0;10;2.9;0;0;2;0;0;0;
Lily;2013;tt2707804;222892;99;6.0;0;0;0;0;0;0;0;0;0;0;0;0;0;0;0;0;0;0;0;0;0;0;0;0;1;3.0;0;0;0;0;0;0;0;0;0;0;0;0;0;0;
The List;2013;tt2150511;216055;274;4.1;2;2.9;0;0;0;0;0;0;0;0;0;0;0;0;0;0;0;0;0;0;0;0;0;0;6;2.7;0;0;0;0;0;0;0;0;0;0;0;0;0;0;
Locke;2013;tt2692904;218456;58271;7.1;770;2.8;9;30;44;19;10;7;36;2.9;0;2;3;0;0;1;0;0;0;0;0;0;0;0;68;3.5;2;7;2;0;1;0;23;3.1;1;3;2;0;0;1;
The Lone Ranger;2013;tt1210819;135256;157388;6.5;8142;3.6;121;417;362;164;70;49;181;3.3;3;5;5;3;1;0;993;4.1;27;28;27;23;5;2;319;3.4;9;12;11;6;3;1;111;4.0;2;4;7;3;1;0;
A Long Way from Home;2013;tt2230956;225276;69;6.0;2;3.1;1;0;1;0;0;0;0;0;0;0;0;0;0;0;0;0;0;0;0;0;0;0;1;3.0;0;0;0;0;0;0;0;0;0;0;0;0;0;0;
Lootera;2013;tt2224317;221728;8103;7.4;2;3.1;0;0;0;0;0;0;0;0;0;0;0;0;0;0;0;0;0;0;0;0;0;0;1;3.0;0;0;0;0;0;0;0;0;0;0;0;0;0;0;
Rise of the Fellowship;2013;tt1669814;223593;461;4.3;13;2.7;0;0;0;2;0;0;0;0;0;0;0;0;0;0;1;3.0;0;0;0;0;0;0;1;3.0;0;0;0;0;0;0;0;0;0;0;0;0;0;0;
The Lost Medallion: The Adventures of Billy Stone;2013;tt1390539;218738;1100;4.8;12;2.9;0;0;0;2;0;0;8;2.8;0;0;0;0;0;0;4;2.9;0;0;0;0;0;0;4;2.9;0;0;0;0;0;0;0;0;0;0;0;0;0;0;
Lost Place;2013;tt2100575;199168;363;4.4;1;3.0;0;0;0;0;0;0;1;3.0;0;0;0;0;0;0;0;0;0;0;0;0;0;0;12;3.2;0;0;1;1;0;0;0;0;0;0;0;0;0;0;
Loulou, l'incroyable secret;2013;tt3400214;222370;42;6.0;99;3.3;5;10;5;3;3;1;0;0;0;0;0;0;0;0;0;0;0;0;0;0;0;0;1;3.0;0;0;0;0;0;0;0;0;0;0;0;0;0;0;
The Wolf of Wall Street;2013;tt0993846;127524;557787;8.2;17678;4.1;539;826;326;241;140;188;455;3.8;12;19;12;9;0;11;1686;4.5;77;47;20;14;12;4;716;4.4;29;27;11;7;7;3;168;3.9;16;16;8;1;4;3;
Love and Honor;2013;tt1976989;187819;5839;5.7;106;2.8;0;0;3;3;1;0;9;3.3;0;0;0;0;0;0;69;4.0;1;0;2;2;0;0;9;3.0;0;0;0;0;0;0;0;0;0;0;0;0;0;0;
Love Eternal;2013;tt1376713;223105;380;6.2;1;3.0;0;0;0;0;0;0;0;0;0;0;0;0;0;0;0;0;0;0;0;0;0;0;2;3.0;0;0;0;0;0;0;0;0;0;0;0;0;0;0;
Love Steaks;2013;tt2960270;226186;415;6.9;2;3.1;0;0;0;0;0;0;0;0;0;0;0;0;0;0;0;0;0;0;0;0;0;0;14;3.2;0;2;0;0;0;0;0;0;0;0;0;0;0;0;
Lovelace;2013;tt1426329;189851;25659;6.2;475;2.9;3;18;27;26;9;1;5;3.0;0;0;1;0;0;0;80;3.7;0;5;5;1;1;0;17;2.8;0;0;1;0;0;0;7;3.2;1;0;0;0;0;0;
Lovely Louise;2013;tt2904628;224083;64;6.8;1;3.0;0;0;0;0;0;0;0;0;0;0;0;0;0;0;1;3.0;0;0;0;0;0;0;3;3.1;0;0;0;0;0;0;0;0;0;0;0;0;0;0;
My Lucky Elephant;2013;tt2480940;224252;36;7.1;4;3.1;1;0;0;0;0;0;0;0;0;0;0;0;0;0;0;0;0;0;0;0;0;0;2;3.0;0;0;0;0;0;0;0;0;0;0;0;0;0;0;
Lucky Them;2013;tt1885299;192447;1104;6.1;0;0;0;0;0;0;0;0;3;3.2;0;0;0;0;0;0;0;0;0;0;0;0;0;0;3;3.2;0;0;0;0;0;0;0;0;0;0;0;0;0;0;
Lulu femme nue;2013;tt2593230;220725;183;6.5;965;3.6;23;81;66;29;12;8;0;0;0;0;0;0;0;0;0;0;0;0;0;0;0;0;2;3.0;0;0;0;0;0;0;0;0;0;0;0;0;0;0;
Ma maman est en Amérique, elle a rencontré Buffalo Bill;2013;tt2768474;220965;33;6.7;83;3.4;2;14;2;3;2;3;0;0;0;0;0;0;0;0;0;0;0;0;0;0;0;0;1;3.0;0;0;0;0;0;0;0;0;0;0;0;0;0;0;
Machete Kills;2013;tt2002718;196177;48459;5.7;2325;2.9;29;79;113;80;45;30;0;0;0;0;0;0;0;0;75;3.8;2;2;3;1;2;2;133;3.0;1;3;7;3;4;1;19;3.4;0;0;3;1;0;0;
The Machine;2013;tt2317225;224472;19482;6.1;272;2.5;6;8;16;11;8;3;12;2.7;0;0;0;1;1;0;3;3.0;0;0;0;0;0;0;12;2.9;0;1;1;0;1;0;0;0;0;0;0;0;0;0;
The Machine;2013;tt2317225;194195;19482;6.1;0;0;0;0;0;0;0;0;1;3.0;0;0;0;0;0;0;0;0;0;0;0;0;0;0;1;3.0;0;0;0;0;0;0;0;0;0;0;0;0;0;0;
Magic Magic;2013;tt1929308;193631;6425;5.0;464;2.7;9;18;28;24;8;9;4;3.1;0;0;0;0;0;0;19;2.5;0;0;0;1;2;4;14;3.2;0;6;0;0;0;0;4;3.1;0;0;0;0;0;0;
All I Want for Christmas;2013;tt3210602;233894;132;5.4;2;3.0;0;0;0;0;0;0;0;0;0;0;0;0;0;0;0;0;0;0;0;0;0;0;1;3.0;0;0;0;0;0;0;0;0;0;0;0;0;0;0;
So This Is Christmas;2013;tt2081367;219711;385;4.6;1;3.0;0;0;0;0;0;0;0;0;0;0;0;0;0;0;0;0;0;0;0;0;0;0;2;2.9;0;0;0;0;0;0;0;0;0;0;0;0;0;0;
Mahmut ile Meryem;2013;tt2736928;217338;153;5.6;2;3.1;0;0;0;0;0;0;0;0;0;0;0;0;0;0;0;0;0;0;0;0;0;0;2;3.1;0;0;0;0;0;0;31;3.8;2;0;0;0;0;1;
Maïna;2013;tt2600730;194696;117;6.4;7;3.1;0;0;1;0;0;0;1;3.0;0;0;0;0;0;0;0;0;0;0;0;0;0;0;1;3.0;0;0;0;0;0;0;0;0;0;0;0;0;0;0;
La maison du pêcheur;2013;tt2624626;194693;43;5.9;5;3.1;0;0;0;1;0;0;1;3.0;0;0;0;0;0;0;0;0;0;0;0;0;0;0;1;3.0;0;0;0;0;0;0;0;0;0;0;0;0;0;0;
Bad Behavior;2013;tt1949583;224479;128;5.3;21;2.3;0;1;0;1;2;2;0;0;0;0;0;0;0;0;0;0;0;0;0;0;0;0;1;3.0;0;0;0;0;0;0;0;0;0;0;0;0;0;0;
The Butler;2013;tt1327773;188951;72530;7.1;9413;4.3;223;464;280;132;29;16;152;3.7;1;6;3;2;0;1;349;4.4;12;9;8;3;0;1;79;3.6;2;3;2;0;1;1;14;3.5;1;1;2;0;0;0;
Make Your Move;2013;tt1828959;197500;2024;5.7;15;3.3;0;0;0;0;0;0;4;3.1;0;0;0;0;0;0;0;0;0;0;0;0;0;0;4;3.0;0;0;0;1;0;0;0;0;0;0;0;0;0;0;
The Family;2013;tt2404311;207801;74387;6.3;5198;3.0;27;144;240;189;104;66;53;2.7;0;1;5;0;1;0;177;4.1;5;8;8;2;1;0;95;3.0;0;1;2;4;0;0;20;3.2;0;0;2;0;0;0;
Curse of Chucky;2013;tt2230358;209336;18683;5.6;619;2.7;16;26;52;35;22;15;12;3.3;0;0;1;0;0;0;0;0;0;0;0;0;0;0;21;3.3;0;3;1;0;0;0;0;0;0;0;0;0;0;0;
Man of Steel;2013;tt0770828;123348;452804;7.2;19630;3.7;613;987;658;591;263;204;579;3.7;24;26;16;12;9;7;2255;4.4;117;88;47;28;15;11;781;3.9;15;67;47;23;9;2;176;4.0;5;18;7;4;0;0;
Man of Tai Chi;2013;tt2016940;196754;23691;6.1;621;2.9;3;10;25;22;17;3;19;2.7;1;0;0;1;0;1;50;3.7;1;1;3;0;0;0;34;3.0;1;0;3;2;0;0;0;0;0;0;0;0;0;0;
Mandariinid;2013;tt2991224;232415;11329;8.6;5;3.2;0;0;1;0;0;0;0;0;0;0;0;0;0;0;0;0;0;0;0;0;0;0;4;3.1;0;0;0;0;0;0;5;3.2;0;0;0;0;0;0;
Mandela: Long Walk to Freedom;2013;tt2304771;204700;17252;7.1;1741;4.2;36;92;60;21;6;2;25;3.2;0;2;3;1;0;0;29;3.7;1;3;0;0;0;0;35;3.5;0;1;4;0;0;0;13;3.4;0;0;1;0;0;0;
The Best Man Holiday;2013;tt2083355;221549;10121;6.7;81;3.6;2;0;1;0;0;0;3;3.1;0;0;0;0;0;0;6;3.2;0;0;0;0;0;0;3;3.1;0;0;0;0;0;0;0;0;0;0;0;0;0;0;
Marina;2013;tt2614860;224597;1381;7.2;25;3.6;2;2;1;1;0;0;2;3.1;0;0;0;0;0;0;2;3.1;0;0;0;0;0;0;2;3.1;0;0;0;0;0;0;0;0;0;0;0;0;0;0;
Marius;2013;tt1872102;192102;482;6.8;1315;3.8;36;111;93;21;13;7;3;3.2;0;0;1;0;0;0;0;0;0;0;0;0;0;0;3;3.2;0;0;0;0;0;0;0;0;0;0;0;0;0;0;
La marque des anges - Miserere;2013;tt2354215;120347;645;5.6;1010;2.6;11;39;65;62;31;17;0;0;0;0;0;0;0;0;7;2.9;0;0;0;1;0;0;6;2.9;0;0;0;0;0;0;4;2.9;0;0;0;0;0;0;
