2013,tt2597718,"Three Night Stand",Pat Kiely,,226953,21,2.4,0,0,3,1,2,1,0,0,0,0,0,0,0,0,0,0,0,0,0,0,0,0,1,3.0,0,0,0,0,0,0,0,0,0,0,0,0,0,0,
2011,tt1605735,"Ein Tick anders",Andi Rogenhagen,,190298,13,3.3,0,3,0,0,0,0,2,3.0,0,0,0,0,0,0,0,0,0,0,0,0,0,0,19,3.5,0,0,0,0,0,0,0,0,0,0,0,0,0,0,
2012,tt1748260,"Tiger Eyes",Lawrence Blume,,221113,7,3.0,0,0,0,0,0,0,0,0,0,0,0,0,0,0,0,0,0,0,0,0,0,0,1,3.0,0,0,0,0,0,0,0,0,0,0,0,0,0,0,
2011,tt1680019,"Tilt",Viktor Chouchkov,,199967,1,3.0,0,0,0,0,0,0,0,0,0,0,0,0,0,0,0,0,0,0,0,0,0,0,2,3.1,0,0,0,0,0,0,0,0,0,0,0,0,0,0,
2012,tt1855401,"Tim and Eric's Billion Dollar Movie",Tim Heidecker,,191017,8,2.9,0,0,0,0,0,1,1,3.0,0,0,0,0,0,0,2,3.1,0,0,0,0,0,0,1,3.0,0,0,0,0,0,0,0,0,0,0,0,0,0,0,
2011,tt1637688,"In Time",Andrew Niccol,,180314,12829,3.5,77,363,605,345,104,48,369,3.6,4,14,13,13,2,0,768,4.3,13,20,11,3,0,2,577,3.6,5,8,16,9,0,2,141,3.6,0,8,11,8,0,3,
2012,tt2182241,"Sins Expiation",Carlo Fusco,,223354,8,2.7,0,0,0,0,1,0,0,0,0,0,0,0,0,0,0,0,0,0,0,0,0,0,2,3.0,0,0,0,0,0,0,0,0,0,0,0,0,0,0,
2010,tt1337055,"Mei loi ging chaat",Jing Wong,,146612,25,2.3,0,0,0,1,2,3,0,0,0,0,0,0,0,0,0,0,0,0,0,0,0,0,2,2.9,0,0,0,0,0,0,0,0,0,0,0,0,0,0,
2010,tt1570989,"Tiny Furniture",Lena Dunham,,186151,22,3.3,0,0,0,0,0,0,1,3.0,0,0,0,0,0,0,0,0,0,0,0,0,0,0,1,3.0,0,0,0,0,0,0,0,0,0,0,0,0,0,0,
2013,tt2403981,"Tip Top",Serge Bozon,,209117,770,1.2,12,10,19,16,45,72,1,3.0,0,0,0,0,0,0,0,0,0,0,0,0,0,0,0,0,0,0,0,0,0,0,0,0,0,0,0,0,0,0,
2013,tt3342262,"Tir",Alberto Fasulo,,225366,0,0,0,0,0,0,0,0,0,0,0,0,0,0,0,0,0,0,0,0,0,0,0,0,1,2.9,0,0,0,0,0,0,0,0,0,0,0,0,0,0,
2013,tt2916510,"Tirez la langue, mademoiselle",Axelle Ropert,,214370,488,2.0,1,20,22,29,24,16,0,0,0,0,0,0,0,0,0,0,0,0,0,0,0,0,2,2.9,0,0,0,0,0,0,0,0,0,0,0,0,0,0,
2012,tt1859650,"To Rome with Love",Woody Allen,,192634,2510,2.8,25,88,139,105,52,24,89,2.9,2,2,5,2,1,1,217,3.8,1,5,4,2,3,1,82,2.9,0,1,1,0,3,0,26,3.0,0,0,4,0,0,0,
2012,tt1850418,"To Write Love on Her Arms",Nathan Frankowski,,190802,11,3.2,0,0,0,0,0,0,2,3.1,0,0,0,0,0,0,2,3.1,0,0,0,0,0,0,2,3.1,0,0,0,0,0,0,0,0,0,0,0,0,0,0,
2012,tt2076372,"Toad Road",Jason Banker,,217682,0,0,0,0,0,0,0,0,0,0,0,0,0,0,0,0,0,0,0,0,0,0,0,0,1,3.0,0,0,0,0,0,0,0,0,0,0,0,0,0,0,
2010,tt1179927,"Todas las canciones hablan de mí",Jonás Trueba,,187935,2,3.1,0,0,0,0,0,0,7,2.8,0,0,0,0,0,1,0,0,0,0,0,0,0,0,2,3.1,0,0,0,0,0,0,0,0,0,0,0,0,0,0,
2013,tt3194474,"Todas las mujeres",Mariano Barroso,,220541,0,0,0,0,0,0,0,0,13,3.0,1,1,1,0,0,1,0,0,0,0,0,0,0,0,1,3.0,0,0,0,0,0,0,0,0,0,0,0,0,0,0,
2012,tt2006894,"Todo es silencio",José Luis Cuerda,,190457,1,3.0,0,0,0,0,0,0,9,2.8,0,0,1,0,0,1,0,0,0,0,0,0,0,0,1,3.0,0,0,0,0,0,0,0,0,0,0,0,0,0,0,
2010,tt1592534,"Todo lo que tú quieras",Achero Mañas,,177582,2,3.1,0,0,0,0,0,0,10,3.1,0,0,0,0,0,0,0,0,0,0,0,0,0,0,2,3.1,0,0,0,0,0,0,0,0,0,0,0,0,0,0,
2011,tt1787829,"Todos tus muertos",Carlos Moreno,,190076,1,3.0,0,0,0,0,0,0,1,3.0,0,0,0,0,0,0,0,0,0,0,0,0,0,0,1,3.0,0,0,0,0,0,0,0,0,0,0,0,0,0,0,
2010,tt1601235,"Togetherness Supreme",Nathan Collett,,197701,1,3.0,0,0,0,0,0,0,1,3.0,0,0,0,0,0,0,0,0,0,0,0,0,0,0,1,3.0,0,0,0,0,0,0,0,0,0,0,0,0,0,0,
2012,tt3180592,"Toilet Blues",Dirmawan Hatta,,227375,3,2.8,0,0,0,0,0,0,0,0,0,0,0,0,0,0,0,0,0,0,0,0,0,0,1,2.9,0,0,0,0,0,0,0,0,0,0,0,0,0,0,
2013,tt2427892,"Tom à la ferme",Xavier Dolan,,208989,1620,3.6,16,80,67,33,14,11,0,0,0,0,0,0,0,0,0,0,0,0,0,0,0,0,0,0,0,0,0,0,0,0,0,0,0,0,0,0,0,0,
2010,tt1674727,"Snuf de hond en het spookslot",Steven de Jong,,212731,1,3.0,0,0,0,0,0,0,0,0,0,0,0,0,0,0,0,0,0,0,0,0,0,0,0,0,0,0,0,0,0,0,0,0,0,0,0,0,0,0,
2011,tt1722484,"Tom Sawyer",Hermine Huntgeburth,,185783,69,3.0,3,2,1,5,0,1,4,3.0,0,0,0,0,0,0,0,0,0,0,0,0,0,0,10,3.3,0,1,1,0,0,0,0,0,0,0,0,0,0,0,
2012,tt2200376,"Tom und Hacke",Norbert Lechner,,201805,1,3.0,0,0,0,0,0,0,1,3.0,0,0,0,0,0,0,0,0,0,0,0,0,0,0,1,3.0,0,0,0,0,0,0,3.0,0,0,0,0,0,0,
2011,tt1847731,"Tomboy",Céline Sciamma,,188840,2735,3.7,54,114,135,38,24,24,15,3.4,0,1,1,0,0,0,67,4.1,4,2,1,1,0,0,17,3.4,0,1,0,0,0,0,10,3.1,0,0,0,0,0,0,
2011,tt1728217,"Tomie: Anrimiteddo",Noboru Iguchi,,196547,2,3.0,0,0,0,0,0,0,2,3.0,0,0,0,0,0,0,0,0,0,0,0,0,0,0,2,3.0,0,1,0,0,0,0,0,0,0,0,0,0,0,0,
2013,tt3397026,"Senin Hikayen",Tolga Örnek,,223780,3,3.0,0,0,0,0,0,0,0,0,0,0,0,0,0,0,0,0,0,0,0,0,0,0,2,3.0,0,0,0,0,0,0,27,3.3,2,2,3,2,0,1,
2013,tt2847090,"Tonnerre",Guillaume Brac,,217778,442,3.3,11,29,25,9,6,4,0,0,0,0,0,0,0,0,0,0,0,0,0,0,0,0,1,3.0,0,0,0,0,0,0,0,0,0,0,0,0,0,0,
2012,tt1691343,"Tony 10",Mischa Kamp,,206550,1,3.0,0,0,0,0,0,0,1,3.0,0,0,0,0,0,0,0,0,0,0,0,0,0,0,2,2.9,0,0,0,0,0,0,3.0,0,0,0,0,0,0,
2012,tt2306978,"Too Much Love Will Kill You",Christophe Karabache,,214189,22,2.5,0,4,2,1,0,2,0,0,0,0,0,0,0,0,0,0,0,0,0,0,0,0,1,3.0,0,0,0,0,0,0,0,0,0,0,0,0,0,0,
2010,tt1385867,"Cop Out",Kevin Smith,,144180,1614,1.8,23,31,51,90,62,116,18,3.0,0,0,0,0,0,0,72,3.2,1,1,0,1,1,2,140,2.6,1,4,1,4,8,0,75,3.7,1,3,3,7,0,0,
2013,tt2900822,"Torment",Jordan Barker,,221552,60,2.1,0,0,1,8,4,2,0,0,0,0,0,0,0,0,4,3.0,0,0,0,0,0,0,3,3.0,0,1,0,0,0,0,0,0,0,0,0,0,0,0,
2013,tt1423636,"Torn",Jeremiah Birnbaum,,223726,2,3.1,0,0,0,0,0,0,0,0,0,0,0,0,0,0,0,0,0,0,0,0,0,0,1,3.0,0,0,0,0,0,0,0,0,0,0,0,0,0,0,
2012,tt1386703,"Total Recall",Len Wiseman,,144148,8188,3.0,75,271,436,341,151,90,179,3.0,0,3,9,8,7,0,382,3.9,4,9,10,6,2,0,410,3.4,1,12,15,8,4,1,103,3.7,0,4,12,1,0,0,
2011,tt1515956,"Totem",Jessica Krummacher,,196339,3,2.9,0,0,0,0,0,0,2,2.9,0,0,0,0,0,0,0,0,0,0,0,0,0,0,2,2.9,0,0,0,0,0,0,0,0,0,0,0,0,0,0,
2011,tt1628055,"Touchback",Don Handfield,,203175,120,3.4,2,6,10,1,1,0,4,3.1,0,0,0,0,0,0,13,3.5,0,0,0,0,0,0,4,3.1,0,0,0,0,0,0,5,3.1,0,1,0,0,0,0,
2013,tt2364949,"Touchy Feely",Lynn Shelton,,216326,11,3.2,0,2,1,0,0,0,3,3.0,0,0,1,0,0,0,0,0,0,0,0,0,0,0,3,3.0,0,0,0,0,0,0,0,0,0,0,0,0,0,0,
2010,tt1243957,"The Tourist",Florian Henckel von Donnersmarck,,138752,4904,2.3,43,74,161,200,153,105,258,2.7,4,5,11,10,16,2,710,4.1,11,9,17,16,3,1,332,3.0,1,5,10,7,5,2,552,3.5,5,40,18,32,14,2,
2012,tt2023690,"Sightseers",Ben Wheatley,,198073,569,2.8,9,26,38,26,18,7,23,2.9,0,1,0,1,1,0,0,0,0,0,0,0,0,0,36,3.1,0,1,1,2,2,0,0,0,0,0,0,0,0,0,
2010,tt1451762,"Tournée",Mathieu Amalric,,140496,2084,3.0,66,105,65,81,62,83,4,3.1,0,0,0,0,0,0,4,3.1,0,0,0,0,0,0,8,3.2,1,0,0,0,0,0,6,3.2,0,0,0,0,0,0,
2012,tt1535438,"Hope Springs",David Frankel,,185999,783,3.0,6,35,54,30,14,5,41,3.2,0,2,2,0,0,0,346,4.1,8,7,5,2,1,0,82,3.6,0,2,1,0,0,0,15,3.4,0,0,1,0,0,0,
2011,tt1715356,"Tous les soleils",Philippe Claudel,,178852,1481,3.7,72,126,91,33,17,11,12,3.2,0,1,2,2,1,0,0,0,0,0,0,0,0,0,3,3.1,0,0,0,0,0,0,7,3.3,0,0,0,0,0,0,
2010,tt0842926,"The Kids Are All Right",Lisa Cholodenko,,148352,1101,3.1,9,40,82,39,15,8,59,3.6,1,2,3,1,0,0,184,4.0,1,5,7,4,0,0,116,3.8,0,5,4,0,0,0,91,3.3,3,7,2,7,2,0,
2011,tt1942120,"Toutes nos envies",Philippe Lioret,,173428,1483,3.7,45,109,97,40,18,8,0,0,0,0,0,0,0,0,8,3.3,0,1,0,0,0,0,2,3.1,0,0,0,0,0,0,2,3.1,0,0,0,0,0,0,
2012,tt2554270,"Ta-weo",Ji-hoon Kim,,222156,129,3.3,2,10,13,2,2,0,0,0,0,0,0,0,0,0,0,0,0,0,0,0,0,0,1,3.0,0,0,0,0,0,0,0,0,0,0,0,0,0,0,
2012,tt2319142,"Tower",Kazik Radwanski,,210809,1,2.9,0,0,0,0,1,0,0,0,0,0,0,0,0,0,0,0,0,0,0,0,0,0,1,2.9,0,0,0,0,0,0,0,0,0,0,0,0,0,0,
2012,tt1992258,"Tower Block",James Nunn,,211341,147,2.3,1,2,10,7,3,3,0,0,0,0,0,0,0,0,0,0,0,0,0,0,0,0,5,2.9,0,0,0,0,0,0,0,0,0,0,0,0,0,0,
2010,tt0840361,"The Town",Ben Affleck,,82376,9692,3.9,180,524,438,138,34,19,141,3.5,2,10,20,1,3,0,198,4.1,10,9,7,2,0,0,413,4.0,3,14,12,4,0,0,319,3.5,4,33,16,22,4,1,
2012,tt2417562,"Kujira no machi",Keiko Tsuruoka,,218953,0,0,0,0,0,0,0,0,0,0,0,0,0,0,0,0,0,0,0,0,0,0,0,0,1,3.0,0,0,0,0,0,0,0,0,0,0,0,0,0,0,
2010,tt0435761,"Toy Story 3",Lee Unkrich,,126123,18975,4.4,1246,779,237,82,24,32,533,4.4,32,19,3,0,1,1,972,4.5,37,14,2,19,1,1,432,4.2,10,12,9,1,2,0,498,4.2,38,48,3,7,0,3,
2010,tt1414378,"Tracker",Ian Sharp,,189458,4,3.2,0,0,0,0,0,0,2,3.1,0,0,0,0,0,0,0,0,0,0,0,0,0,0,3,3.1,0,0,0,0,0,0,0,0,0,0,0,0,0,0,
2013,tt2167266,"Tracks",John Curran,,207993,0,0,0,0,0,0,0,0,12,3.1,0,0,3,0,0,0,0,0,0,0,0,0,0,0,32,3.4,0,1,8,0,0,0,14,3.4,0,1,1,0,0,0,
2013,tt1924429,"Trance",Danny Boyle,,193485,3930,3.8,60,217,182,85,38,17,84,3.4,2,2,5,5,0,1,184,4.1,7,5,5,4,0,1,118,3.6,0,6,3,2,1,0,34,3.4,0,2,4,1,0,0,
2012,tt2075363,"Trans Bavaria",Konstantin Ferstl,,201738,1,3.0,0,0,0,0,0,0,1,3.0,0,0,0,0,0,0,0,0,0,0,0,0,0,0,3,3.0,0,0,0,0,0,0,3.0,0,0,0,0,0,0,
2010,tt1270120,"Transfer",Damir Lukacevic,,192586,54,3.2,0,2,5,3,1,0,2,3.0,0,0,0,0,0,0,0,0,0,0,0,0,0,0,8,3.2,0,0,1,0,0,0,0,0,0,0,0,0,0,0,
2011,tt1399103,"Transformers: Dark of the Moon",Michael Bay,,144795,13543,3.3,409,519,468,353,246,201,258,3.5,13,17,12,9,6,0,739,4.1,26,13,17,4,5,1,917,3.7,14,18,24,13,10,9,380,4.0,15,23,16,16,5,4,
2012,tt1059836,"Transit",Antonio Negret,,201348,132,3.0,2,7,20,8,1,0,6,2.8,0,0,1,0,0,0,13,3.3,0,3,0,0,0,0,19,2.9,0,1,1,0,1,0,0,0,0,0,0,0,0,0,
2010,tt1666345,"Transit",Philipp Leinemann,,185735,1,3.0,0,0,0,0,0,0,1,3.0,0,0,0,0,0,0,0,0,0,0,0,0,0,0,1,3.0,0,0,0,0,0,0,0,0,0,0,0,0,0,0,
2012,tt2175997,"Transpapa",Sarah-Judith Mettke,,213659,2,3.1,1,0,0,0,0,0,0,0,0,0,0,0,0,0,0,0,0,0,0,0,0,0,5,3.1,0,0,0,0,0,0,0,0,0,0,0,0,0,0,
2013,tt1766175,"Trap for Cinderella",Iain Softley,,221176,17,2.7,0,0,0,1,0,0,0,0,0,0,0,0,0,0,0,0,0,0,0,0,0,0,2,3.0,0,1,0,0,0,0,0,0,0,0,0,0,0,0,
2013,tt3138596,"Shuiyin jie",Vivian Qu,,226235,38,3.2,0,1,3,0,1,0,0,0,0,0,0,0,0,0,0,0,0,0,0,0,0,0,1,3.0,0,0,0,0,0,0,0,0,0,0,0,0,0,0,
2013,tt3269074,"Darband",Parviz Shahbazi,,227376,2,3.1,0,0,0,0,0,0,0,0,0,0,0,0,0,0,0,0,0,0,0,0,0,0,1,3.0,0,0,0,0,0,0,0,0,0,0,0,0,0,0,
2010,tt1533084,"The Traveler",Michael Oblowitz,,192591,79,1.7,0,0,2,2,8,16,2,2.9,0,0,0,0,0,0,0,0,0,0,0,0,0,0,3,2.8,0,0,0,0,0,1,0,0,0,0,0,0,0,0,
2013,tt2734790,"Toraberâzu: Jigen keisatsu",Koichi Sakamoto,,231651,12,2.7,0,1,1,3,1,0,0,0,0,0,0,0,0,0,0,0,0,0,0,0,0,0,1,3.0,0,0,0,0,0,0,0,0,0,0,0,0,0,0,
2011,tt1336253,"Travellers",Kris McManus,,188341,2,2.9,0,0,0,0,0,0,1,3.0,0,0,0,0,0,0,0,0,0,0,0,0,0,0,1,3.0,0,0,0,0,0,0,0,0,0,0,0,0,0,0,
2010,tt1542486,"Treacle Jr.",Jamie Thraves,,185883,1,3.0,0,0,0,0,0,0,1,3.0,0,0,0,0,0,0,0,0,0,0,0,0,0,0,1,3.0,0,0,0,0,0,0,0,0,0,0,0,0,0,0,
2011,tt0478304,"The Tree of Life",Terrence Malick,,132244,8095,2.6,367,264,251,258,311,540,191,2.6,10,15,5,5,32,10,343,3.2,25,13,6,7,11,19,195,3.2,6,6,4,3,6,3,106,3.5,6,10,5,5,3,0,
2013,tt2418440,"Tres bodas de más",Javier Ruiz Caldera,,214527,0,0,0,0,0,0,0,0,128,3.4,0,7,4,0,0,0,0,0,0,0,0,0,0,0,3,2.9,0,0,0,0,0,0,0,0,0,0,0,0,0,0,
2010,tt1470172,"Hanna's Gold",Joel Souza,,207888,4,2.8,0,0,0,0,0,1,0,0,0,0,0,0,0,0,0,0,0,0,0,0,0,0,0,0,0,0,0,0,0,0,0,0,0,0,0,0,0,0,
2011,tt1754787,"Les tribulations d'une caissière",Pierre Rambaldi,,187293,1021,2.3,15,21,45,50,39,42,0,0,0,0,0,0,0,0,0,0,0,0,0,0,0,0,1,3.0,0,0,0,0,0,0,0,0,0,0,0,0,0,0,
2012,tt2171875,"Steekspel",Paul Verhoeven,,209910,33,2.4,0,1,5,0,1,0,0,0,0,0,0,0,0,0,2,2.9,0,0,0,0,0,0,2,2.9,0,0,0,0,0,0,0,0,0,0,0,0,0,0,
2010,tt1740047,"The Trip",Michael Winterbottom,,189570,176,2.6,5,9,12,9,7,6,12,2.8,0,1,0,1,0,2,3,3.0,0,0,0,0,0,0,3,3.0,0,0,0,0,0,0,0,0,0,0,0,0,0,0,
2011,tt1836987,"Trishna",Michael Winterbottom,,194178,241,3.1,4,7,14,9,8,3,4,3.2,0,0,0,0,0,0,0,0,0,0,0,0,0,0,4,3.2,0,0,0,0,0,0,4,3.2,0,0,0,0,0,0,
2013,tt3101742,"Trois exercices d'interprétation",Cristi Puiu,,224981,1,3.1,0,0,0,0,0,0,0,0,0,0,0,0,0,0,0,0,0,0,0,0,0,0,1,3.1,0,0,0,0,0,0,3.1,0,0,0,0,0,0,
2011,tt1509767,"The Three Musketeers",Paul W.S. Anderson,,172168,3405,2.5,46,92,157,122,110,113,106,3.1,4,7,5,1,2,2,394,4.0,9,3,6,8,5,2,268,3.2,0,3,11,4,1,3,66,3.2,1,0,3,2,1,1,
2010,tt1458175,"The Next Three Days",Paul Haggis,,147087,2440,3.7,64,150,154,77,29,11,96,3.6,5,10,3,7,1,0,206,4.1,11,13,6,3,0,0,282,3.8,7,5,12,3,1,0,259,4.0,11,29,9,12,0,0,
2011,tt1470173,"Three Veils",Rolla Selbak,,199387,0,0,0,0,0,0,0,0,1,3.0,0,0,0,0,0,0,0,0,0,0,0,0,0,0,1,3.0,0,0,0,0,0,0,0,0,0,0,0,0,0,0,
2010,tt0815236,"She's Out of My League",Jim Field Smith,,132095,975,2.8,12,27,50,40,9,10,7,3.2,0,0,0,0,0,0,191,4.2,10,6,3,4,0,0,121,3.4,0,5,6,1,1,0,87,3.5,2,3,2,5,0,0,
2011,tt1483756,"The Trouble with Bliss",Michael Knowles,,170627,0,0,0,0,0,0,0,0,0,0,0,0,0,0,0,0,0,0,0,0,0,0,0,0,2,3.0,0,0,0,0,0,0,0,0,0,0,0,0,0,0,
2010,tt1403865,"True Grit",Ethan Coen,,145213,10524,3.9,224,608,408,193,70,39,186,3.6,3,13,7,9,3,0,222,4.1,4,15,3,3,1,0,571,4.0,6,20,11,3,1,0,188,3.8,2,18,6,10,1,0,
2012,tt1927172,"True Love",Enrico Clerico Nasino,,218974,2,2.9,0,0,0,0,0,0,0,0,0,0,0,0,0,0,0,0,0,0,0,0,0,0,3,2.9,0,0,0,0,0,0,0,0,0,0,0,0,0,0,
2010,tt1529572,"Trust",David Schwimmer,,174066,1783,3.7,30,122,132,40,17,4,6,2.9,0,0,0,0,0,0,258,4.0,7,17,13,3,1,2,40,3.4,0,2,2,1,0,0,0,0,0,0,0,0,0,0,
2013,tt2421416,"Trust Me",Clark Gregg,,218831,0,0,0,0,0,0,0,0,1,3.0,0,0,0,0,0,0,1,3.0,0,0,0,1,0,0,1,3.0,0,0,0,0,0,0,0,0,0,0,0,0,0,0,
2010,tt0923954,"Truth About Kerry",Katherine Torpey,,204779,2,3.1,0,0,0,0,0,0,1,3.0,0,0,0,0,0,0,0,0,0,0,0,0,0,0,1,3.0,0,0,0,0,0,0,3.0,0,0,0,0,0,0,
2012,tt2607692,"Tu honoreras ta mère et ta mère",Brigitte Roüan,,205740,166,2.1,0,3,8,10,11,9,1,3.0,0,0,0,0,0,0,0,0,0,0,0,0,0,0,1,3.0,0,0,0,0,0,0,3.0,0,0,0,0,0,0,
2011,tt1754795,"Tu seras mon fils",Gilles Legrand,,185157,1793,3.9,71,191,99,22,6,2,1,3.0,0,0,0,0,0,0,0,0,0,0,0,0,0,0,1,3.0,0,0,0,0,0,0,0,0,0,0,0,0,0,0,
2013,tt2914386,"Tu seras un homme",Benoît Cohen,,219532,26,3.4,0,2,1,1,1,0,0,0,0,0,0,0,0,0,0,0,0,0,0,0,0,0,0,0,0,0,0,0,0,0,0,0,0,0,0,0,0,0,
2011,tt1793931,"Les Tuche",Olivier Baroux,,141890,4549,2.5,72,144,251,160,114,114,0,0,0,0,0,0,0,0,0,0,0,0,0,0,0,0,3,2.9,0,0,0,0,0,0,0,0,0,0,0,0,0,0,
2012,tt1789091,"Töte mich",Emily Atef,,197185,38,2.9,2,3,2,5,0,0,2,3.0,0,0,0,0,0,0,0,0,0,0,0,0,0,0,6,3.1,0,0,0,0,0,0,2,3.0,0,0,0,0,0,0,
2011,tt1701186,"Tungsten",Giorgos Georgopoulos,,198062,1,3.0,0,0,0,0,0,0,1,3.0,0,0,0,0,0,0,0,0,0,0,0,0,0,0,1,3.0,0,0,0,0,0,0,0,0,0,0,0,0,0,0,
2011,tt1735485,"The Tunnel",Carlo Ledesma,,196532,32,2.8,0,4,3,1,2,1,2,3.0,0,0,0,0,0,0,0,0,0,0,0,0,0,0,6,2.9,0,0,1,0,0,0,0,0,0,0,0,0,0,0,
2013,tt1860353,"Turbo",David Soren,,191356,2494,3.8,27,133,108,34,12,5,68,3.6,0,2,1,2,0,0,288,4.2,9,2,7,6,1,1,80,3.7,1,1,1,0,0,0,25,3.7,0,1,4,0,0,0,
2013,tt2055790,"Turf",Fabien Onteniente,,187395,1308,1.7,14,25,67,65,58,78,1,3.0,0,0,0,0,0,0,0,0,0,0,0,0,0,0,1,3.0,0,0,0,0,0,0,0,0,0,0,0,0,0,0,
2012,tt1650536,"Türkisch für Anfänger",Bora Dagtekin,,194237,6,3.1,0,0,0,0,0,0,3,3.1,0,0,0,0,0,0,0,0,0,0,0,0,0,0,296,3.8,10,9,4,5,1,3,4,3.2,1,0,0,0,0,0,
2011,tt1672185,"Tutti al mare",Matteo Cerami,,199699,1,3.0,0,0,0,0,0,0,1,3.0,0,0,0,0,0,0,0,0,0,0,0,0,0,0,1,3.0,0,0,0,0,0,0,0,0,0,0,0,0,0,0,
2013,tt2636178,"Tutti contro tutti",Rolando Ravello,,225638,1,3.0,0,0,0,0,0,0,0,0,0,0,0,0,0,0,0,0,0,0,0,0,0,0,1,3.0,0,0,0,0,0,0,0,0,0,0,0,0,0,0,
2010,tt1586753,"Inshite miru: 7-kakan no desu gêmu",Hideo Nakata,,201033,182,2.4,2,2,19,14,8,1,1,3.0,0,0,0,0,0,0,0,0,0,0,0,0,0,0,1,3.0,0,0,0,0,0,0,0,0,0,0,0,0,0,0,
2010,tt1407084,"Twelve",Joel Schumacher,,145533,1359,2.6,19,28,58,75,51,36,5,2.8,0,0,0,0,0,0,0,0,0,0,0,0,0,0,41,3.0,0,2,1,0,2,0,0,0,0,0,0,0,0,0,
2011,tt1611876,"Knerten i knipe",Arild Østin Ommundsen,,222423,3,3.1,0,0,0,0,0,0,0,0,0,0,0,0,0,0,0,0,0,0,0,0,0,0,2,3.1,0,0,0,0,0,0,0,0,0,0,0,0,0,0,
2010,tt1567127,"Knerten gifter seg",Martin Lund,,190018,9,3.2,0,2,0,0,0,0,2,3.0,0,0,0,0,0,0,0,0,0,0,0,0,0,0,4,2.9,0,0,0,0,0,0,0,0,0,0,0,0,0,0,
2011,tt1324999,"The Twilight Saga: Breaking Dawn - Part 1",Bill Condon,,146214,12860,3.4,408,291,237,169,162,199,478,3.6,21,12,8,10,4,8,1275,3.7,25,11,10,5,5,13,438,3.6,7,6,8,8,3,3,214,3.9,6,3,2,7,0,4,
2012,tt1673434,"The Twilight Saga: Breaking Dawn - Part 2",Bill Condon,,182749,11895,3.8,547,340,221,188,135,172,757,4.1,42,21,8,5,3,3,3337,4.1,106,25,19,27,10,26,446,3.8,9,3,2,5,4,2,523,4.2,6,7,3,1,4,2,
2011,tt1756851,"Twixt",Francis Ford Coppola,,187192,1402,2.5,15,47,84,70,47,30,4,2.8,0,0,0,0,0,0,20,2.7,0,0,0,0,1,0,17,2.7,0,1,1,0,0,0,4,2.8,0,0,0,0,0,0,
2011,tt2072059,"Bi anai",Imanol Rayo,,197447,1,3.0,0,0,0,0,0,0,1,3.0,0,0,0,0,0,0,0,0,0,0,0,0,0,0,1,3.0,0,0,0,0,0,0,0,0,0,0,0,0,0,0,
2010,tt1462058,"Two Gates of Sleep",Alistair Banks Griffin,,180621,58,3.1,2,4,4,3,1,0,1,3.0,0,0,0,0,0,0,0,0,0,0,0,0,0,0,1,3.0,0,0,0,0,0,0,0,0,0,0,0,0,0,0,
2012,tt2150543,"Two Hundred Thousand Dirty",Timothy L. Anderson,,225404,11,2.9,0,2,1,0,1,0,0,0,0,0,0,0,0,0,0,0,0,0,0,0,0,0,1,3.0,0,0,0,0,0,0,0,0,0,0,0,0,0,0,
2012,tt1792643,"Two Little Boys",Robert Sarkies,,201829,1,2.9,0,0,0,0,1,0,1,2.9,0,0,0,0,0,0,0,0,0,0,0,0,0,0,1,2.9,0,0,0,0,0,0,2.9,0,0,0,0,0,0,
2011,tt1204340,"Tyrannosaur",Paddy Considine,,188595,735,3.9,19,69,38,13,0,0,16,3.4,0,0,0,0,0,0,7,3.3,1,0,0,0,0,0,19,3.5,0,1,0,0,0,0,9,3.3,0,0,0,0,0,0,
2010,tt1639426,"Udaan",Vikramaditya Motwane,,180445,13,3.5,0,1,0,0,0,0,1,3.0,0,0,0,0,0,0,0,0,0,0,0,0,0,0,1,3.0,0,0,0,0,0,0,0,0,0,0,0,0,0,0,
2013,tt2882328,"Ugly",Anurag Kashyap,,220946,184,3.3,2,12,9,7,3,1,0,0,0,0,0,0,0,0,0,0,0,0,0,0,0,0,3,3.0,0,0,0,0,0,0,3,3.0,0,0,0,0,0,0,
2013,tt1778924,"The Ultimate Life",Michael Landon Jr.,,222517,8,3.0,0,0,0,0,0,0,3,3.1,0,0,0,0,0,0,8,3.4,2,0,1,0,0,0,3,3.1,0,0,0,0,0,0,0,0,0,0,0,0,0,0,
2010,tt1440231,"Le ultime 56 ore",Claudio Fragasso,,180095,1,3.0,0,0,0,0,0,0,0,0,0,0,0,0,0,0,0,0,0,0,0,0,0,0,1,3.0,0,0,0,0,0,0,0,0,0,0,0,0,0,0,
2012,tt2082417,"Schilf",Claudia Lehmann,,175224,3,2.9,0,0,0,1,0,0,0,0,0,0,0,0,0,0,0,0,0,0,0,0,0,0,4,2.8,0,0,0,0,0,0,0,0,0,0,0,0,0,0,
2013,tt3083006,"Triple Crossed",Sean Paul Lockhart,,223566,1,3.1,0,0,0,0,0,0,0,0,0,0,0,0,0,0,0,0,0,0,0,0,0,0,1,3.1,0,0,0,0,0,0,0,0,0,0,0,0,0,0,
2011,tt1474268,"Los últimos cristeros",Matias Meyer,,197384,2,3.0,0,0,0,0,0,0,1,3.0,0,0,0,0,0,0,0,0,0,0,0,0,0,0,1,3.0,0,0,0,0,0,0,0,0,0,0,0,0,0,0,
2011,tt1674775,"Keyhole",Guy Maddin,,200598,34,2.9,2,1,0,3,1,1,1,3.0,0,0,0,0,0,0,0,0,0,0,0,0,0,0,1,3.0,0,0,0,0,0,0,3.0,0,0,0,0,0,0,
2011,tt1618447,"Un amour de jeunesse",Mia Hansen-Løve,,185687,706,2.6,7,33,21,30,33,22,7,3.3,0,0,0,0,0,0,28,3.4,1,2,0,0,1,1,7,3.0,0,0,0,0,0,0,14,2.7,0,0,2,3,0,1,
2011,tt1671494,"Un baiser papillon",Karine Silla,,187677,263,2.9,14,13,18,11,6,5,1,3.0,0,0,0,0,0,0,0,0,0,0,0,0,0,0,1,3.0,0,0,0,0,0,0,0,0,0,0,0,0,0,0,
2010,tt1533813,"Un balcon sur la mer",Nicole Garcia,,145167,1987,2.5,22,80,128,116,75,17,0,0,0,0,0,0,0,0,0,0,0,0,0,0,0,0,0,0,0,0,0,0,0,0,0,0,0,0,0,0,0,0,
2013,tt2289526,"Un beau dimanche",Nicole Garcia,,210275,810,2.8,7,34,37,40,18,18,0,0,0,0,0,0,0,0,10,3.2,0,1,1,0,0,0,2,3.0,0,0,0,0,0,0,0,0,0,0,0,0,0,0,
2011,tt1700458,"Eine Insel namens Udo",Markus Sehr,,182726,9,2.8,0,0,1,1,2,0,2,3.0,0,0,0,0,0,0,0,0,0,0,0,0,0,0,27,3.4,0,0,0,0,0,0,0,0,0,0,0,0,0,0,
2012,tt3073172,"Das Pferd auf dem Balkon",Hüseyin Tabak,,214760,3,3.0,0,0,0,0,0,0,0,0,0,0,0,0,0,0,0,0,0,0,0,0,0,0,2,3.0,0,0,0,0,0,0,0,0,0,0,0,0,0,0,
2010,tt1400335,"First Dog",Bryan Michael Stoller,,195580,12,3.1,0,2,0,1,1,0,1,3.0,0,0,0,0,0,0,0,0,0,0,0,0,0,0,1,3.0,0,0,0,0,0,0,0,0,0,0,0,0,0,0,
2012,tt2071648,"Vampire Dog",Geoff Anderson,,213204,9,2.9,0,0,0,0,0,0,0,0,0,0,0,0,0,0,15,3.6,1,0,0,0,0,0,5,3.1,0,0,0,0,0,0,0,0,0,0,0,0,0,0,
2010,tt1475549,"The Dogfather",Richard Boddington,,188060,15,2.3,0,0,1,0,0,7,1,3.0,0,0,0,0,0,0,0,0,0,0,0,0,0,0,1,3.0,0,0,0,0,0,0,0,0,0,0,0,0,0,0,
2010,tt0817177,"Flipped",Rob Reiner,,147000,239,3.9,4,18,9,1,2,1,6,3.1,0,0,0,0,0,0,177,4.4,16,7,4,3,0,0,17,3.5,0,0,0,0,0,0,123,4.0,9,24,2,2,0,1,
2011,tt1753976,"Jiang Ai",Yibai Zhang,,197570,0,0,0,0,0,0,0,0,1,3.0,0,0,0,0,0,0,0,0,0,0,0,0,0,0,1,3.0,0,0,0,0,0,0,0,0,0,0,0,0,0,0,
2012,tt2294929,"Un enfant de toi",Jacques Doillon,,58984,91,1.6,1,2,2,3,11,18,0,0,0,0,0,0,0,0,0,0,0,0,0,0,0,0,0,0,0,0,0,0,0,0,0,0,0,0,0,0,0,0,
2013,tt1322269,"August: Osage County",John Wells,,186179,2253,3.6,32,137,115,57,31,7,111,3.5,3,4,6,0,1,1,356,4.1,9,22,18,2,1,0,62,3.5,0,4,1,0,1,1,17,3.0,0,0,0,1,0,1,
2012,tt1839654,"The Magic of Belle Isle",Rob Reiner,,190415,182,3.8,5,8,13,0,1,0,8,3.1,0,0,0,0,0,0,68,4.0,4,5,4,0,0,0,9,3.2,0,0,0,0,0,0,0,0,0,0,0,0,0,0,
2013,tt1931435,"The Big Wedding",Justin Zackham,,196512,861,2.4,5,12,31,56,21,13,53,2.9,0,0,2,1,1,1,195,3.5,3,0,7,9,0,2,36,2.5,0,1,0,2,1,1,0,0,0,0,0,0,0,0,
2013,tt1702439,"Safe Haven",Lasse Hallström,,208306,673,4.0,12,28,18,15,4,2,59,3.6,2,1,0,3,0,2,450,4.5,31,6,8,2,0,0,79,3.8,3,1,2,0,0,0,14,3.3,1,0,1,0,0,0,
2013,tt1196956,"One Chance",David Frankel,,212649,0,0,0,0,0,0,0,0,4,3.0,0,0,1,0,0,0,44,4.0,5,2,1,0,0,0,9,2.9,0,0,0,0,0,0,0,0,0,0,0,0,0,0,
2011,tt1563738,"One Day",Lone Scherfig,,178903,2864,4.0,74,125,97,57,21,6,50,3.6,0,0,3,0,0,0,671,4.4,22,12,3,4,2,1,109,3.8,1,0,2,1,0,0,75,3.7,1,2,7,0,0,0,
2011,tt1808240,"La chispa de la vida",Álex de la Iglesia,,189196,158,3.0,3,11,12,7,3,3,27,2.9,0,1,1,0,0,1,0,0,0,0,0,0,0,0,2,3.0,0,0,0,0,0,0,0,0,0,0,0,0,0,0,
2012,tt1744857,"Un jour mon père viendra",Martin Valente,,183694,533,2.4,19,18,25,38,15,14,2,3.0,0,0,0,0,0,0,0,0,0,0,0,0,0,0,5,3.2,0,0,0,0,0,0,0,0,0,0,0,0,0,0,
2012,tt2035670,"The Wedding Video",Nigel Cole,,197046,6,2.8,0,0,1,1,0,0,2,2.9,0,0,0,0,0,0,0,0,0,0,0,0,0,0,2,2.9,0,0,0,0,0,0,0,0,0,0,0,0,0,0,
2012,tt2313371,"Un Marocain à Paris",Saïd Naciri,,206791,0,0,0,0,0,0,0,0,1,3.0,0,0,0,0,0,0,0,0,0,0,0,0,0,0,1,3.0,0,0,0,0,0,0,3.0,0,0,0,0,0,0,
2012,tt2186665,"O luna in Thailanda",Paul Negoescu,,210580,19,2.6,0,1,3,1,2,0,0,0,0,0,0,0,0,0,0,0,0,0,0,0,0,0,1,3.0,0,0,0,0,0,0,0,0,0,0,0,0,0,0,
2013,tt2987732,"Fack ju Göhte",Bora Dagtekin,,209260,227,3.6,3,10,9,4,0,1,0,0,0,0,0,0,0,0,0,0,0,0,0,0,0,0,653,4.1,18,13,13,12,4,8,3,3.1,1,0,0,0,0,0,
2013,tt2493386,"Min søsters børn i Afrika",Martin Miehe-Renard,,221390,12,3.2,0,0,2,0,1,0,0,0,0,0,0,0,0,0,0,0,0,0,0,0,0,0,0,0,0,0,0,0,0,0,0,0,0,0,0,0,0,0,
2011,tt1838560,"V subbotu",Aleksandr Mindadze,,220313,3,2.9,0,0,0,0,0,0,0,0,0,0,0,0,0,0,0,0,0,0,0,0,0,0,0,0,0,0,0,0,0,0,0,0,0,0,0,0,0,0,
2012,tt2107814,"Schutzengel",Til Schweiger,,198965,59,3.5,2,5,3,1,0,1,2,3.0,0,0,0,0,0,0,0,0,0,0,0,0,0,0,128,2.7,0,2,4,4,1,5,0,0,0,0,0,0,0,0,
2010,tt1444262,"Gorbaciof",Stefano Incerti,,184581,12,2.7,1,0,1,0,3,1,1,3.0,0,0,0,0,0,0,0,0,0,0,0,0,0,0,1,3.0,0,0,0,0,0,0,0,0,0,0,0,0,0,0,
2012,tt2180587,"Was bleibt",Hans-Christian Schmid,,196204,35,3.0,0,2,5,2,0,0,5,3.1,0,0,1,0,0,0,3,3.0,0,0,0,0,0,0,22,3.5,0,0,0,0,0,0,0,0,0,0,0,0,0,0,
2011,tt1787831,"Uncle Kent",Joe Swanberg,,189928,0,0,0,0,0,0,0,0,1,3.0,0,0,0,0,0,0,0,0,0,0,0,0,0,0,1,3.0,0,0,0,0,0,0,0,0,0,0,0,0,0,0,
2012,tt2357453,"Underground: The Julian Assange Story",Robert Connolly,,212326,29,3.4,1,1,4,1,0,0,0,0,0,0,0,0,0,0,2,3.0,0,0,0,0,0,0,2,3.0,0,0,0,0,0,0,0,0,0,0,0,0,0,0,
2011,tt1678054,"Onna no kappa",Shinji Imaoka,,191632,8,2.8,0,0,1,0,0,0,0,0,0,0,0,0,0,0,0,0,0,0,0,0,0,0,1,3.0,0,0,0,0,0,0,0,0,0,0,0,0,0,0,
2013,tt2700582,"Une autre vie",Emmanuel Mouret,,213698,353,2.3,8,15,19,26,16,7,0,0,0,0,0,0,0,0,5,3.0,0,0,0,0,0,0,2,3.0,0,0,0,0,0,0,0,0,0,0,0,0,0,0,
2013,tt2395417,"Still Life",Uberto Pasolini,,223511,217,3.9,7,20,9,0,3,0,6,3.2,0,0,1,0,0,0,12,3.5,2,0,0,0,0,0,23,3.6,1,2,0,0,0,0,5,3.2,0,1,0,0,0,0,
2011,tt2082496,"Une bouteille à la mer",Thierry Binisti,,179070,723,3.9,20,63,38,7,0,0,13,3.3,0,0,1,0,0,0,47,4.0,6,1,0,0,0,0,3,3.1,0,0,0,0,0,0,0,0,0,0,0,0,0,0,
2011,tt1601227,"Sønner av Norge",Jens Lien,,199136,100,3.2,1,3,5,3,1,0,2,3.0,0,0,0,0,0,0,0,0,0,0,0,0,0,0,15,3.2,0,0,0,0,0,0,0,0,0,0,0,0,0,0,
2010,tt0889573,"The Switch",Josh Gordon,,123257,1145,2.4,8,22,65,58,31,14,26,2.9,1,0,0,0,0,0,252,4.1,5,3,7,4,3,1,42,3.2,1,0,4,1,0,0,20,3.1,0,0,0,2,1,0,
2012,tt2375093,"Last Hours in Suburbia",John Stimpson,,217587,19,2.6,0,2,2,0,2,0,0,0,0,0,0,0,0,0,1,3.0,0,0,0,0,0,0,1,3.0,0,0,0,0,0,0,0,0,0,0,0,0,0,0,
2011,tt1974212,"Aynehaye Rooberoo",Negar Azarbayjani,,213722,0,0,0,0,0,0,0,0,0,0,0,0,0,0,0,0,0,0,0,0,0,0,0,0,1,3.0,0,0,0,0,0,0,0,0,0,0,0,0,0,0,
2011,tt1579944,"Fenster zum Sommer",Hendrik Handloegten,,195185,15,3.0,0,0,3,1,0,0,2,3.0,0,0,0,0,0,0,0,0,0,0,0,0,0,0,10,3.4,0,0,0,0,0,0,0,0,0,0,0,0,0,0,
2011,tt1715881,"Une folle envie",Bernard Jeanjean,,176337,458,2.0,3,14,19,25,27,20,0,0,0,0,0,0,0,0,0,0,0,0,0,0,0,0,0,0,0,0,0,0,0,0,0,0,0,0,0,0,0,0,
2013,tt3019714,"Une jeune fille",Catherine Martin,,194695,5,3.0,0,1,0,1,0,0,1,3.0,0,0,0,0,0,0,0,0,0,0,0,0,0,0,1,3.0,0,0,0,0,0,0,0,0,0,0,0,0,0,0,
2013,tt2375735,"Une lettre ne s'écrit pas",Guillaume Levil,,226973,19,3.7,2,1,3,1,0,0,0,0,0,0,0,0,0,0,0,0,0,0,0,0,0,0,1,3.0,0,0,0,0,0,0,0,0,0,0,0,0,0,0,
2013,tt2562726,"Final Recourse",Barbara Stepansky,,227788,7,3.0,0,0,0,1,0,0,0,0,0,0,0,0,0,0,0,0,0,0,0,0,0,0,1,3.0,0,0,0,0,0,0,0,0,0,0,0,0,0,0,
2013,tt2191082,"A Promise",Patrice Leconte,,193147,463,3.3,5,20,30,14,4,0,0,0,0,0,0,0,0,0,7,3.0,0,0,0,0,0,0,3,2.9,0,0,0,0,0,0,0,0,0,0,0,0,0,0,
2011,tt1669694,"Une pure affaire",Alexandre Coffre,,175485,1547,2.7,20,50,125,87,26,8,0,0,0,0,0,0,0,0,0,0,0,0,0,0,0,0,1,3.0,0,0,0,0,0,0,0,0,0,0,0,0,0,0,
2011,tt1832382,"Jodaeiye Nader az Simin",Asghar Farhadi,,189616,3334,4.2,168,268,88,38,13,13,30,3.6,4,4,2,0,0,0,83,4.1,4,3,0,1,0,0,25,3.6,2,0,0,1,0,0,60,4.1,3,1,4,0,0,0,
2011,tt0810922,"Take Me Home Tonight",Michael Dowse,,181137,508,2.7,2,5,25,24,7,3,0,0,0,0,0,0,0,0,49,3.4,2,4,1,0,0,1,14,2.7,0,0,0,0,0,0,10,3.3,1,0,1,0,0,0,
2012,tt1734589,"Unicorn City",Bryan Lefler,,203353,2,3.0,0,0,0,0,0,0,2,3.0,0,0,0,0,0,0,0,0,0,0,0,0,0,0,2,3.0,0,0,1,0,0,0,2,3.0,0,0,0,0,0,0,
2010,tt1459013,"Uninhabited",Bill Bennett,,181332,6,2.8,0,0,0,0,0,0,2,3.0,0,0,0,0,0,0,0,0,0,0,0,0,0,0,2,3.0,0,0,0,0,0,0,0,0,0,0,0,0,0,0,
2011,tt1783798,"Union Square",Nancy Savoca,,188449,1,3.1,0,0,0,0,0,0,1,3.1,0,0,0,0,0,0,1,3.1,0,0,0,0,0,0,1,3.1,0,0,0,0,0,0,0,0,0,0,0,0,0,0,
2011,tt1777034,"United",James Strong,,187927,12,3.2,0,2,0,1,0,0,3,3.0,0,0,0,0,0,0,0,0,0,0,0,0,0,0,8,3.1,0,0,0,0,0,0,0,0,0,0,0,0,0,0,
2012,tt1815708,"Freelancers",Jessy Terrero,,192207,305,2.2,2,1,8,18,9,15,4,3.0,0,0,0,0,0,0,26,3.6,0,0,1,0,0,0,17,2.7,0,0,2,0,2,0,8,2.9,0,0,0,0,0,0,
2011,tt1756832,"The Unleashed",Manuel H. Da Silva,,195378,1,3.0,0,0,0,0,0,0,1,3.0,0,0,0,0,0,0,0,0,0,0,0,0,0,0,1,3.0,0,0,0,0,0,0,0,0,0,0,0,0,0,0,
2010,tt1426325,"Unrivaled",Warren P. Sonoda,,187660,12,2.6,0,0,2,0,1,0,1,3.0,0,0,0,0,0,0,0,0,0,0,0,0,0,0,1,3.0,0,0,0,0,0,0,0,0,0,0,0,0,0,0,
2010,tt0477080,"Unstoppable",Tony Scott,,129345,3751,3.1,50,151,270,136,58,24,79,3.2,2,1,9,5,4,0,180,4.0,6,9,6,2,2,0,254,3.5,7,4,12,2,4,1,202,3.1,1,13,13,20,6,4,
2012,tt2113818,"Unter Frauen",Hansjörg Thurn,,193462,2,3.1,0,0,0,0,0,0,2,3.1,0,0,0,0,0,0,0,0,0,0,0,0,0,0,4,3.0,0,0,0,0,0,0,0,0,0,0,0,0,0,0,
2012,tt1374992,"Upside Down",Juan Solanas,,83585,4203,3.3,48,159,174,153,66,30,80,3.0,0,0,5,3,0,0,93,3.9,4,6,4,2,0,0,39,3.1,1,1,2,2,1,0,18,3.3,0,1,0,0,0,0,
2013,tt2084989,"Upstream Color",Shane Carruth,,216486,43,3.0,2,1,1,1,0,1,9,2.9,0,0,1,0,0,0,0,0,0,0,0,0,0,0,7,2.9,0,0,0,0,0,0,6,2.7,0,0,0,0,0,1,
2011,tt1745863,"Urumi",Santosh Sivan,,207856,1,3.0,0,0,0,0,0,0,0,0,0,0,0,0,0,0,0,0,0,0,0,0,0,0,0,0,0,0,0,0,0,0,0,0,0,0,0,0,0,0,
2012,tt1274596,"USS Seaviper",Ralph A. Villani,,208906,24,2.2,0,1,0,2,1,5,0,0,0,0,0,0,0,0,0,0,0,0,0,0,0,0,1,3.0,0,0,0,0,0,0,0,0,0,0,0,0,0,0,
2010,tt1830890,"Uthama Puthiran",Mithran Jawahar,,188038,2,2.9,0,0,1,0,0,0,1,3.0,0,0,0,0,0,0,0,0,0,0,0,0,0,0,1,3.0,0,0,0,0,0,0,0,0,0,0,0,0,0,0,
2010,tt0817230,"Valentine's Day",Garry Marshall,,143276,5959,2.6,98,168,158,221,112,136,44,3.1,0,0,0,2,0,0,488,3.9,4,2,4,7,8,2,107,3.0,2,0,1,4,0,2,190,3.2,5,17,3,14,6,0,
2013,tt2112206,"Monica Z",Per Fly,,219362,55,3.8,2,7,5,0,0,0,0,0,0,0,0,0,0,0,1,3.0,0,0,0,0,0,0,1,3.0,0,0,0,0,0,0,0,0,0,0,0,0,0,0,
2012,tt1691020,"Vamperifica",Bruce Ornstein,,206795,1,3.0,0,0,0,0,0,0,1,3.0,0,0,0,0,0,0,0,0,0,0,0,0,0,0,1,3.0,0,0,0,0,0,0,3.0,0,0,0,0,0,0,
2011,tt1624996,"Vampire",Shunji Iwai,,182154,3,3.1,0,0,0,0,0,0,2,3.1,0,0,0,0,0,0,0,0,0,0,0,0,0,0,3,3.1,0,0,0,0,0,0,0,0,0,0,0,0,0,0,
2011,tt1727885,"Vamp U",Matt Jespersen,,219057,64,1.9,0,3,1,2,3,3,0,0,0,0,0,0,0,0,0,0,0,0,0,0,0,0,1,3.0,0,0,0,0,0,0,0,0,0,0,0,0,0,0,
2010,tt1500906,"Vampires",Vincent Lannoo,,183281,161,2.6,3,9,8,11,4,7,1,3.0,0,0,0,0,0,0,0,0,0,0,0,0,0,0,1,3.0,0,0,0,0,0,0,0,0,0,0,0,0,0,0,
2012,tt2186562,"Die Vampirschwestern",Wolfgang Groos,,198053,6,3.2,0,0,0,0,0,0,7,3.3,0,0,0,0,0,0,9,3.4,1,0,0,0,0,0,24,3.7,2,1,0,0,0,0,8,3.4,0,0,0,0,0,0,
2012,tt1545106,"Vamps",Amy Heckerling,,179154,91,2.2,1,1,4,2,3,2,3,3.0,0,0,0,0,0,0,14,3.2,0,0,1,0,0,0,13,3.0,0,0,1,0,0,0,0,0,0,0,0,0,0,0,
2012,tt1982882,"True Bloodthirst",Todor Chapkanov,,213404,77,2.2,2,0,3,7,4,5,1,3.0,0,0,0,0,0,0,0,0,0,0,0,0,0,0,1,3.0,0,0,0,0,0,0,0,0,0,0,0,0,0,0,
2013,tt2779998,"Vandal",Hélier Cisterne,,204771,214,3.3,5,13,15,13,1,3,1,3.0,0,0,0,0,0,0,0,0,0,0,0,0,0,0,1,3.0,0,0,0,0,0,0,3.0,0,0,0,0,0,0,
2012,tt2208216,"Aurora",Kristina Buozyte,,207725,53,3.4,2,3,3,0,1,0,0,0,0,0,0,0,0,0,0,0,0,0,0,0,0,0,2,3.0,0,0,0,0,0,0,0,0,0,0,0,0,0,0,
2010,tt1582637,"Varudu",Gunasekhar,,179728,1,2.9,0,0,0,0,0,0,1,2.9,0,0,0,0,0,0,0,0,0,0,0,0,0,0,1,2.9,0,0,0,0,0,0,0,0,0,0,0,0,0,0,
2010,tt1509641,"Vater Morgana",Till Endemann,,181026,1,3.0,0,0,0,0,0,0,1,3.0,0,0,0,0,0,0,0,0,0,0,0,0,0,0,2,2.9,0,1,0,0,1,0,0,0,0,0,0,0,0,0,
2012,tt2146960,"Vazhakku Enn 18/9",Balaji Shaktivel,,217535,1,3.0,0,0,0,0,0,0,0,0,0,0,0,0,0,0,0,0,0,0,0,0,0,0,1,3.0,0,0,0,0,0,0,0,0,0,0,0,0,0,0,
2013,tt2572632,"Vendetta",Stephen Reynolds,,224559,21,3.0,0,0,0,1,0,0,2,3.1,0,0,0,0,0,0,0,0,0,0,0,0,0,0,3,3.1,0,0,0,0,0,0,0,0,0,0,0,0,0,0,
2011,tt1787747,"Le vendeur",Sébastien Pilote,,188549,0,0,0,0,0,0,0,0,4,3.0,0,0,0,1,0,0,5,3.2,0,0,0,0,0,0,3,3.0,0,0,0,0,0,0,3,3.0,0,0,0,0,0,0,
2010,tt1629319,"La venganza de Ira Vamp",Álvaro Sáenz de Heredia,,180349,1,2.9,0,0,0,0,0,0,5,2.7,0,0,0,0,3,0,0,0,0,0,0,0,0,0,1,2.9,0,0,0,0,0,0,0,0,0,0,0,0,0,0,
2011,tt1987021,"Venghai",Hari,,196021,1,2.9,0,0,0,0,0,0,1,2.9,0,0,0,0,0,0,0,0,0,0,0,0,0,0,1,2.9,0,0,0,0,0,0,0,0,0,0,0,0,0,0,
2010,tt1684935,"Wenecja",Jan Jakub Kolski,,83833,2,2.9,0,0,0,0,0,0,0,0,0,0,0,0,0,0,0,0,0,0,0,0,0,0,1,3.0,0,0,0,0,0,0,0,0,0,0,0,0,0,0,
2011,tt1981142,"Westwind",Robert Thalheim,,193429,20,3.5,1,2,1,0,0,0,2,3.0,0,0,0,0,0,0,0,0,0,0,0,0,0,0,2,3.0,0,0,0,0,0,0,0,0,0,0,0,0,0,0,
2012,tt2154739,"Westerland",Tim Staffel,,52090,10,3.3,0,0,0,1,0,0,0,0,0,0,0,0,0,0,0,0,0,0,0,0,0,0,0,0,0,0,0,0,0,0,0,0,0,0,0,0,0,0,
2012,tt2327371,"La venta del paraíso",Emilio Ruiz Barrachina,,219324,2,2.9,0,0,0,0,0,0,4,2.9,1,0,0,1,0,0,0,0,0,0,0,0,0,0,2,2.9,0,0,0,0,0,0,0,0,0,0,0,0,0,0,
2013,tt2406252,"La Vénus à la fourrure",Roman Polanski,,213080,1660,3.9,50,108,73,37,20,8,25,3.1,1,0,1,0,0,1,0,0,0,0,0,0,0,0,27,3.7,0,5,0,0,0,0,5,3.1,0,0,0,1,0,0,
2012,tt2149137,"Snow White: A Deadly Summer",David DeCoteau,,202758,49,1.8,0,1,2,1,4,19,2,2.9,0,0,0,0,0,0,0,0,0,0,0,0,0,0,4,2.8,0,0,0,0,1,0,2,2.9,0,0,0,0,0,0,
2012,tt1651323,"Breaking Wind",Craig Moss,,202770,91,1.8,0,1,2,3,3,10,0,0,0,0,0,0,0,0,58,2.3,0,1,0,0,3,7,9,2.9,0,0,0,0,1,0,0,0,0,0,0,0,0,0,
2013,tt2321195,"Assumed Killer",Bernard Salzmann,,224536,2,2.9,0,0,0,0,0,0,0,0,0,0,0,0,0,0,0,0,0,0,0,0,0,0,1,3.0,0,0,0,0,0,0,0,0,0,0,0,0,0,0,
2013,tt2388805,"Verliefd op Ibiza",Johan Nijenhuis,,221475,1,3.0,0,0,0,0,0,0,0,0,0,0,0,0,0,0,0,0,0,0,0,0,0,0,2,3.0,0,0,0,0,0,0,0,0,0,0,0,0,0,0,
2012,tt1571401,"Die Vermessung der Welt",Detlev Buck,,198902,5,3.2,0,0,0,0,0,0,3,3.1,0,1,0,0,0,0,0,0,0,0,0,0,0,0,79,2.9,0,1,3,1,1,0,0,0,0,0,0,0,0,0,
2010,tt1462044,"Enemies Among Us",Dan Garcia,,183960,12,2.4,0,0,0,0,1,5,1,3.0,0,0,0,0,0,0,0,0,0,0,0,0,0,0,1,3.0,0,0,0,0,0,0,0,0,0,0,0,0,0,0,
2010,tt1386588,"The Other Guys",Adam McKay,,144195,4382,2.4,46,107,189,163,108,154,30,3.0,0,0,1,2,1,0,128,3.7,2,6,3,3,1,1,339,3.4,3,11,11,2,6,0,121,2.9,3,4,4,9,4,1,
2011,tt1411697,"The Hangover Part II",Todd Phillips,,147508,13014,3.4,214,441,469,292,151,96,195,3.5,2,20,8,6,5,0,752,4.2,7,16,14,9,0,1,960,3.8,5,15,27,7,4,3,337,3.9,5,24,7,22,5,1,
2013,tt1951261,"The Hangover Part III",Todd Phillips,,194160,8574,3.1,63,211,353,279,167,83,141,3.1,3,1,4,3,2,3,1283,4.3,34,18,29,23,7,4,509,3.0,4,7,12,8,11,4,87,3.6,0,1,5,6,1,1,
2010,tt1454505,"Napapiirin sankarit",Dome Karukoski,,175303,387,1.9,5,13,19,16,19,30,0,0,0,0,0,0,0,0,0,0,0,0,0,0,0,0,10,3.3,1,0,0,0,0,0,0,0,0,0,0,0,0,0,
2011,tt1653700,"The Veteran",Matthew Hope,,192340,99,2.9,2,2,8,4,2,1,2,3.0,0,0,0,0,0,0,2,3.0,0,0,0,0,0,0,10,3.0,0,0,1,1,0,0,0,0,0,0,0,0,0,0,
2013,tt2385882,"Vic + Flo ont vu un ours",Denis Côté,,217763,51,2.7,2,0,3,2,0,3,3,3.0,0,0,0,0,0,0,4,3.1,0,0,0,0,0,0,0,0,0,0,0,0,0,0,3,3.0,0,0,0,0,0,0,
2011,tt1584941,"Wickie auf großer Fahrt",Christian Ditter,,181133,26,2.8,0,0,1,0,0,0,11,3.0,0,0,1,0,0,0,0,0,0,0,0,0,0,0,38,2.9,1,0,1,0,0,0,0,0,0,0,0,0,0,0,
2012,tt2317337,"Vicky Donor",Shoojit Sircar,,206132,2,3.0,0,0,0,1,0,0,0,0,0,0,0,0,0,0,0,0,0,0,0,0,0,0,2,3.0,0,0,0,0,0,0,2,3.0,0,0,0,0,0,0,
2011,tt1684564,"The Victim",Michael Biehn,,189410,0,0,0,0,0,0,0,0,3,3.0,0,0,0,0,0,0,0,0,0,0,0,0,0,0,10,2.8,0,0,0,1,2,0,0,0,0,0,0,0,0,0,
2012,tt2267542,"Victimes",Robin Entreinger,,211677,2,3.1,0,0,0,0,0,0,0,0,0,0,0,0,0,0,0,0,0,0,0,0,0,0,1,3.1,0,0,0,0,0,0,0,0,0,0,0,0,0,0,
2012,tt2113644,"Das Haus der Krokodile",Cyrill Boss,,195603,14,3.2,0,2,1,0,0,0,2,3.0,0,0,0,0,0,0,0,0,0,0,0,0,0,0,11,3.4,0,1,0,0,0,0,0,0,0,0,0,0,0,0,
2013,tt2658428,"Victor Young Perez",Jacques Ouaniche,,126367,301,3.0,9,10,12,16,15,6,0,0,0,0,0,0,0,0,0,0,0,0,0,0,0,0,0,0,0,0,0,0,0,0,0,0,0,0,0,0,0,0,
