2013,tt2395385,"+1",Dennis Iliadis,,223482,14,2.7,0,0,2,1,1,0,0,0,0,0,0,0,0,0,5,2.8,0,0,1,1,1,0,5,2.9,0,0,0,1,0,0,0,0,0,0,0,0,0,0,,
2010,tt1591622,"10 1/2",Daniel Grou,,178688,13,3.3,1,1,0,0,0,0,1,3.0,0,0,0,0,0,0,0,0,0,0,0,0,0,0,1,3.0,0,0,0,0,0,0,0,0,0,0,0,0,0,0,,
2011,tt1715873,"10 Years",Jamie Linden,,189144,0,0,0,0,0,0,0,0,4,3.0,0,0,0,0,0,0,79,3.9,1,2,2,1,0,0,13,3.4,0,0,1,0,0,0,0,0,0,0,0,0,0,0,,
2012,tt1729630,"10 jours en or",Nicolas Brossette,,183332,636,2.6,11,21,50,42,12,12,1,3.0,0,0,0,0,0,0,0,0,0,0,0,0,0,0,1,3.0,0,0,0,0,0,0,0,0,0,0,0,0,0,0,,
2013,tt1680303,"10.000 noches en ninguna parte",Ramón Salazar,,180382,2,2.9,0,0,0,0,1,0,5,3.0,0,0,0,0,0,0,0,0,0,0,0,0,0,0,2,2.9,0,0,0,0,0,0,0,0,0,0,0,0,0,0,,
2013,tt2538128,"100 Degrees Below Zero",R.D. Braunstein,,221267,9,2.5,0,0,0,0,1,2,0,0,0,0,0,0,0,0,0,0,0,0,0,0,0,0,1,2.9,0,0,0,0,0,0,0,0,0,0,0,0,0,0,,
2013,tt2319018,"100% cachemire",Valérie Lemercier,,203587,1295,2.0,12,36,51,59,44,49,3,2.9,0,0,0,1,0,0,2,3.0,0,0,0,0,0,0,2,3.0,0,0,0,0,0,0,2,3.0,0,0,0,0,0,0,,
2011,tt1712159,"11-11-11",Darren Lynn Bousman,,184901,158,1.7,0,1,4,16,16,9,3,2.9,0,0,0,0,0,0,67,2.5,3,1,4,5,2,1,7,2.7,0,0,0,1,0,0,0,0,0,0,0,0,0,0,,
2013,tt2655788,"11.6",Philippe Godeau,,209859,1640,2.6,7,55,100,99,36,13,0,0,0,0,0,0,0,0,11,2.6,0,0,0,0,0,0,4,2.9,0,0,0,0,0,0,3,2.9,0,0,0,0,0,0,,
2012,tt2325491,"12 Dogs of Christmas: Great Puppy Rescue",Kieth Merrill,,212747,4,3.0,0,1,0,0,0,1,0,0,0,0,0,0,0,0,0,0,0,0,0,0,0,0,0,0,0,0,0,0,0,0,0,0,0,0,0,0,0,0,,
2013,tt2979414,"12 ans d'âge",Frédéric Proust,,214609,256,2.6,1,11,19,25,9,2,0,0,0,0,0,0,0,0,0,0,0,0,0,0,0,0,0,0,0,0,0,0,0,0,0,0,0,0,0,0,0,0,,
2010,tt1542344,"127 Hours",Danny Boyle,,174939,10237,3.9,257,587,409,146,70,30,198,3.5,6,11,6,10,1,0,560,4.3,27,28,5,2,0,1,433,4.0,6,12,4,2,0,0,563,3.9,10,64,14,27,7,1,,144,132,48,19,33,
2013,tt2368525,"15 años y un día",Gracia Querejeta,,204610,5,2.9,0,1,0,0,0,0,22,3.0,0,0,1,2,1,0,0,0,0,0,0,0,0,0,3,2.9,0,0,0,0,0,0,3,2.9,0,0,0,0,0,0,,
2013,tt2947742,"16 ans ou presque",Tristan Séguéla,,212754,1570,2.7,18,31,72,47,31,18,0,0,0,0,0,0,0,0,0,0,0,0,0,0,0,0,0,0,0,0,0,0,0,0,0,0,0,0,0,0,0,0,,
2012,tt1663673,"16-Love",Adam Lipsius,,201279,4,3.2,0,0,0,0,0,0,3,3.2,0,0,0,0,0,0,3,3.2,0,0,0,0,0,0,3,3.2,0,0,0,0,0,0,0,0,0,0,0,0,0,0,,
2011,tt1909270,"17 Miracles",T.C. Christensen,,195335,4,3.1,1,0,0,0,0,1,1,3.0,0,0,0,0,0,0,0,0,0,0,0,0,0,0,1,3.0,0,0,0,0,0,0,0,0,0,0,0,0,0,0,,
2011,tt1855110,"180",Jayendra,,195490,2,3.1,0,0,0,1,0,0,1,3.0,0,0,0,0,0,0,0,0,0,0,0,0,0,0,1,3.0,0,0,0,0,0,0,0,0,0,0,0,0,0,0,,
2012,tt1652361,"186 Dollars to Freedom",Camilo Vila,,215463,3,2.9,0,0,0,0,0,0,0,0,0,0,0,0,0,0,0,0,0,0,0,0,0,0,2,2.9,0,0,0,0,0,0,0,0,0,0,0,0,0,0,,
2011,tt1783244,"1920 Bitwa Warszawska",Jerzy Hoffman,,199618,8,2.9,0,0,0,3,0,0,1,3.0,0,0,0,0,0,0,0,0,0,0,0,0,0,0,1,3.0,0,0,0,0,0,0,0,0,0,0,0,0,0,0,,
2013,tt2388621,"1982",Tommy Oliver,,223613,2,3.1,0,0,1,0,0,0,0,0,0,0,0,0,0,0,0,0,0,0,0,0,0,0,1,3.0,0,0,0,0,0,0,0,0,0,0,0,0,0,0,,
2013,tt1272878,"2 Guns",Baltasar Kormákur,,189472,2561,3.5,8,51,136,72,12,5,82,3.4,0,1,8,0,1,0,247,4.1,3,7,8,4,0,0,203,3.7,0,1,5,3,0,1,37,3.6,0,1,5,0,0,0,,
2011,tt1685486,"2 Night",Roi Werner,,204626,1,3.0,0,0,0,0,0,0,1,3.0,0,0,0,0,0,0,0,0,0,0,0,0,0,0,1,3.0,0,0,0,0,0,0,3.0,0,0,0,0,0,0,,
2013,tt2871116,"2 automnes 3 hivers",Sébastien Betbeder,,220994,418,3.1,19,27,15,8,8,2,2,3.0,0,0,0,0,0,0,0,0,0,0,0,0,0,0,2,3.0,0,0,1,0,0,0,0,0,0,0,0,0,0,0,,
2010,tt1717550,"2 fois une femme",François Delisle,,186017,1,3.0,0,1,0,0,0,0,1,3.0,0,0,0,0,0,0,0,0,0,0,0,0,0,0,1,3.0,0,0,0,0,0,0,0,0,0,0,0,0,0,0,,
2010,tt0858411,"2001 Maniacs: Field of Screams",Tim Sullivan,,201711,29,2.0,0,0,0,1,2,5,2,3.0,0,0,0,0,0,0,0,0,0,0,0,0,0,0,2,3.0,0,0,0,0,0,0,2,3.0,0,0,0,0,0,0,,
2012,tt1232829,"21 Jump Street",Phil Lord,,49775,5284,3.5,59,175,235,96,40,34,122,3.4,3,5,5,1,1,2,792,4.5,16,16,12,4,0,1,416,3.9,2,5,8,2,1,0,50,3.5,0,0,4,2,0,0,,
2011,tt1877543,"247°F",Levan Bakhia,,199681,16,3.1,0,0,5,1,0,0,2,3.0,0,0,0,0,0,0,0,0,0,0,0,0,0,0,2,3.0,0,0,1,0,0,0,0,0,0,0,0,0,0,0,,
2012,tt2124074,"28 Hotel Rooms",Matt Ross,,202826,1,3.0,0,0,0,0,0,0,1,3.0,0,0,0,0,0,0,0,0,0,0,0,0,0,0,1,3.0,0,0,0,0,0,0,3.0,0,0,0,0,0,0,,
2011,tt1942787,"3 Holiday Tails",Joe Menendez,,210489,2,2.9,0,0,0,0,0,0,0,0,0,0,0,0,0,0,0,0,0,0,0,0,0,0,2,2.9,0,0,0,0,0,0,0,0,0,0,0,0,0,0,,
2012,tt1484521,"30 Beats",Alexis Lloyd,,201443,37,3.1,5,0,1,1,2,2,1,3.0,0,0,0,0,0,0,0,0,0,0,0,0,0,0,1,3.0,0,0,0,0,0,0,0,0,0,0,0,0,0,0,,
2011,tt1622547,"30 Minutes or Less",Ruben Fleischer,,182256,886,2.4,2,9,42,45,22,13,24,2.8,0,0,1,0,1,0,64,3.7,3,3,7,1,0,0,75,3.1,0,1,5,0,0,0,0,0,0,0,0,0,0,0,,26,7,19,19,12,
2010,tt1787636,"300 Killers",Matt Jaissle,,193326,2,2.9,0,0,0,0,1,0,2,2.9,0,0,0,0,0,0,0,0,0,0,0,0,0,0,2,2.9,0,0,0,0,0,0,0,0,0,0,0,0,0,0,,
2013,tt1667355,"3096 Tage",Sherry Hormann,,182270,28,3.4,0,4,2,0,0,0,4,2.9,0,0,0,0,0,0,0,0,0,0,0,0,0,0,66,3.5,0,2,2,0,0,0,0,0,0,0,0,0,0,0,,
2011,tt1652287,"35 and Ticking",Russ Parr,,192034,4,2.9,0,0,0,0,0,0,1,3.0,0,0,0,0,0,0,0,0,0,0,0,0,0,0,1,3.0,0,0,0,0,0,0,0,0,0,0,0,0,0,0,,
2011,tt1680045,"360",Fernando Meirelles,,182993,553,2.6,4,19,20,29,14,4,30,3.3,1,2,2,0,0,0,130,3.6,1,6,6,3,2,0,32,2.9,0,0,0,1,0,0,14,2.8,0,0,0,1,1,0,,
2012,tt1817286,"38 témoins",Lucas Belvaux,,188408,1197,2.5,6,53,74,68,45,30,2,3.0,0,0,0,0,0,0,0,0,0,0,0,0,0,0,2,3.0,0,0,0,0,0,0,3,3.0,0,0,0,0,0,0,,
2011,tt1767272,"388 Arletta Avenue",Randall Cole,,196712,0,0,0,0,0,0,0,0,2,3.0,0,0,0,0,0,0,11,2.7,0,0,0,2,1,1,2,3.0,0,0,0,0,0,0,0,0,0,0,0,0,0,0,,
2010,tt1428436,"3faltig",Harald Sicheritz,,180908,1,3.0,0,0,0,0,0,0,1,3.0,0,0,0,0,0,0,0,0,0,0,0,0,0,0,7,3.0,0,0,0,0,1,0,0,0,0,0,0,0,0,0,,
2013,tt2693702,"3x3D",Jean-Luc Godard,,218367,20,2.9,0,0,2,0,0,0,2,3.1,0,0,0,0,0,0,2,3.1,0,0,0,0,0,0,2,3.1,0,0,0,0,0,0,2,3.1,0,0,0,0,0,0,,
2011,tt1699202,"4 Tage im Mai",Achim von Borries,,195211,18,3.1,0,0,2,0,0,0,3,3.1,0,0,1,0,0,0,0,0,0,0,0,0,0,0,5,3.2,0,0,0,0,0,0,0,0,0,0,0,0,0,0,,
2012,tt2439946,"40 Days and Nights",Peter Geiger,,213200,34,1.8,0,0,1,0,1,13,2,2.9,0,0,0,0,0,0,0,0,0,0,0,0,0,0,3,2.9,0,0,0,0,0,0,0,0,0,0,0,0,0,0,,
2013,tt0453562,"42",Brian Helgeland,,135624,430,4.2,9,16,23,2,0,0,0,0,0,0,0,0,0,0,77,4.1,5,4,1,0,0,0,40,3.6,2,0,1,0,0,0,6,3.2,0,0,0,0,0,0,,
2013,tt1562848,"45 Minutes to Ramallah",Ali Samadi Ahadi,,201776,2,3.0,0,0,0,0,0,0,2,3.0,0,0,0,0,0,0,0,0,0,0,0,0,0,0,6,3.0,0,1,0,0,0,0,2,3.0,0,0,0,0,0,0,,
2011,tt1486193,"5 Days of War",Renny Harlin,,170826,116,2.9,1,4,8,5,2,5,0,0,0,0,0,0,0,0,11,3.4,1,0,2,0,0,0,17,3.1,0,1,2,0,0,0,0,0,0,0,0,0,0,0,,
2011,tt1306980,"50/50",Jonathan Levine,,139824,2268,4.0,26,117,89,20,6,2,25,3.5,0,1,1,0,0,0,244,4.3,10,16,4,1,1,0,132,4.0,2,2,2,0,0,0,53,3.7,0,6,5,0,0,0,,
2013,tt2518848,"500 MPH Storm",Daniel Lusko,,218234,35,1.8,0,0,1,1,1,10,3,2.8,0,0,0,0,0,1,0,0,0,0,0,0,0,0,6,2.6,0,0,0,0,0,3,0,0,0,0,0,0,0,0,,
2011,tt1629439,"51",Jason Connery,,189446,68,1.6,0,0,0,6,7,5,3,2.9,0,0,0,0,0,0,8,2.9,0,0,0,0,0,0,3,2.9,0,0,0,0,0,0,0,0,0,0,0,0,0,0,,
2010,tt1764141,"678",Mohamed Diab,,193512,910,3.8,16,68,53,6,2,2,2,3.1,0,0,0,0,0,0,7,3.2,0,0,0,0,0,0,2,3.1,0,0,0,0,0,0,2,3.1,0,0,0,0,0,0,,
2011,tt1725795,"7 Aum Arivu",A.R. Murugadoss,,199078,3,3.1,0,0,0,0,0,0,1,3.0,0,0,0,0,0,0,0,0,0,0,0,0,0,0,1,3.0,0,0,0,0,0,0,0,0,0,0,0,0,0,0,,
2011,tt1629376,"7 Khoon Maaf",Vishal Bhardwaj,,184319,1,3.0,0,0,0,0,0,0,1,3.0,0,0,0,0,0,0,0,0,0,0,0,0,0,0,1,3.0,0,0,0,0,0,0,0,0,0,0,0,0,0,0,,390,195,192,90,203,
2012,tt2134031,"8 Reels of Sewage",Jared Masters,,204246,1,3.1,0,0,0,0,0,0,1,3.1,0,0,0,0,0,0,0,0,0,0,0,0,0,0,1,3.1,0,0,0,0,0,0,3.1,0,0,0,0,0,0,,
2010,tt1361825,"8 Uhr 28",Christian Alvart,,185659,1,3.0,0,0,0,0,0,0,0,0,0,0,0,0,0,0,0,0,0,0,0,0,0,0,0,0,0,0,0,0,0,0,0,0,0,0,0,0,0,0,,
2013,tt2853614,"9 mois ferme",Albert Dupontel,,213856,8133,3.6,160,569,335,119,69,30,16,2.8,0,0,2,0,0,0,19,3.3,1,0,1,1,0,0,5,3.0,0,0,0,0,0,0,5,3.0,0,0,0,0,0,0,,
2012,tt2180277,"90 minutter",Eva Sørhaug,,219776,5,2.9,0,0,0,0,0,0,0,0,0,0,0,0,0,0,0,0,0,0,0,0,0,0,1,3.0,0,0,0,0,0,0,0,0,0,0,0,0,0,0,,
2011,tt1641385,"96 Minutes",Aimee Lagos,,203594,15,3.3,0,0,2,1,0,0,3,3.0,0,0,0,0,0,0,0,0,0,0,0,0,0,0,7,3.1,1,0,0,0,0,0,4,3.1,0,0,0,0,0,0,,
2011,tt1509787,"A Bag of Hammers",Brian Crano,,184082,4,3.1,0,0,1,0,0,0,2,3.1,0,0,0,0,0,0,4,3.2,0,0,0,0,0,0,2,3.1,0,0,0,0,0,0,0,0,0,0,0,0,0,0,,
2012,tt1954204,"A Beautiful Soul",Jeffrey W. Byrd,,206239,1,3.1,0,0,0,0,0,0,1,3.1,0,0,0,0,0,0,1,3.1,0,0,0,0,0,0,1,3.1,0,0,0,0,0,0,3.1,0,0,0,0,0,0,,
2010,tt1516002,"A Beginner's Guide to Endings",Jonathan Sobol,,173055,21,3.2,0,1,1,0,0,0,0,0,0,0,0,0,0,0,2,3.0,0,0,0,0,0,0,9,3.2,0,0,0,0,0,0,0,0,0,0,0,0,0,0,,
2011,tt1554091,"A Better Life",Chris Weitz,,175739,22,3.5,0,2,1,1,0,0,0,0,0,0,0,0,0,0,0,0,0,0,0,0,0,0,5,3.1,0,0,0,0,0,0,6,3.1,0,0,0,0,0,0,,
2013,tt2104837,"A Common Man",Chandran Rutnam,,210348,3,2.8,0,0,0,0,0,1,0,0,0,0,0,0,0,0,10,3.0,0,2,1,0,0,0,10,2.6,0,0,0,1,1,0,0,0,0,0,0,0,0,0,,
2011,tt1571222,"A Dangerous Method",David Cronenberg,,132376,4157,3.0,22,88,235,166,59,14,97,2.9,0,4,4,9,3,2,169,3.9,2,7,3,0,1,0,99,3.1,0,1,1,1,2,0,42,3.3,1,2,4,3,0,0,,
2010,tt1109582,"A Day of Violence",Darren Ward,,198732,22,2.3,0,0,2,3,1,2,1,3.0,0,0,0,0,0,0,0,0,0,0,0,0,0,0,1,3.0,0,0,0,0,0,0,0,0,0,0,0,0,0,0,,
2013,tt1634055,"A Farewell to Fools",Bogdan Dreyer,,226490,2,3.1,0,0,0,0,0,0,0,0,0,0,0,0,0,0,0,0,0,0,0,0,0,0,1,3.0,0,0,0,0,0,0,0,0,0,0,0,0,0,0,,
2013,tt2375574,"A Field in England",Ben Wheatley,,217484,0,0,0,0,0,0,0,0,3,3.0,0,0,1,0,0,0,0,0,0,0,0,0,0,0,7,2.9,0,0,1,0,0,0,3,3.0,0,0,0,0,0,0,,
2012,tt2530738,"A Floresta de Jonathas",Sergio Andrade,,212985,1,2.9,0,0,0,0,0,0,0,0,0,0,0,0,0,0,4,2.7,0,0,0,1,0,2,1,2.9,0,0,0,0,0,0,0,0,0,0,0,0,0,0,,
2013,tt1606378,"A Good Day to Die Hard",John Moore,,181111,8218,2.3,78,145,318,434,327,224,138,3.0,0,3,4,6,3,3,459,3.9,6,13,15,19,4,4,505,2.5,3,6,7,15,15,8,54,3.6,1,0,6,6,0,0,,170,81,91,49,42,
2011,tt1231586,"A Good Old Fashioned Orgy",Alex Gregory,,136248,0,0,0,0,0,0,0,0,0,0,0,0,0,0,0,0,13,2.8,1,0,1,1,0,1,2,3.0,0,0,0,0,0,0,0,0,0,0,0,0,0,0,,23,19,24,31,26,
2013,tt2243537,"A Haunted House",Michael Tiddes,,213654,464,2.7,5,15,37,14,9,8,11,2.7,0,0,0,0,1,0,336,3.5,8,8,11,9,5,5,47,2.7,0,0,2,0,3,1,8,2.6,0,0,0,1,0,1,,
2010,tt1617620,"A Horrible Way to Die",Adam Wingard,,193567,11,2.6,0,0,1,1,1,0,1,3.0,0,0,0,0,0,0,0,0,0,0,0,0,0,0,1,3.0,0,0,0,0,0,0,3.0,0,0,0,0,0,0,,
2013,tt2609758,"A Madea Christmas",Tyler Perry,,216060,3,3.0,0,0,0,0,0,0,1,3.0,0,0,0,0,0,0,0,0,0,0,0,0,0,0,1,3.0,0,0,0,0,0,0,0,0,0,0,0,0,0,0,,
2010,tt1179056,"A Nightmare on Elm Street",Samuel Bayer,,133955,2911,2.4,117,142,129,174,131,160,71,3.1,0,5,2,12,4,0,291,4.1,7,4,6,10,12,1,174,2.9,6,8,11,10,10,3,215,3.0,5,11,9,23,7,1,,16,13,14,5,5,
2012,tt1823059,"A Perfect Ending",Nicole Conn,,215912,34,3.7,6,2,1,0,0,0,0,0,0,0,0,0,0,0,0,0,0,0,0,0,0,0,1,3.0,0,0,0,0,0,0,0,0,0,0,0,0,0,0,,
2013,tt2275471,"A Perfect Man",Kees Van Oostrum,,224821,1,3.0,0,0,0,0,0,0,0,0,0,0,0,0,0,0,0,0,0,0,0,0,0,0,1,3.0,0,0,0,0,0,0,0,0,0,0,0,0,0,0,,
2013,tt2901690,"A Strange Course of Events",Raphaël Nadjari,,209781,22,3.2,1,2,2,1,1,0,0,0,0,0,0,0,0,0,0,0,0,0,0,0,0,0,0,0,0,0,0,0,0,0,3.0,0,0,0,0,0,0,,
2013,tt2201548,"A Teacher",Hannah Fidell,,208833,14,2.6,0,0,0,0,0,1,1,3.0,0,0,0,0,0,0,0,0,0,0,0,0,0,0,1,3.0,0,0,0,0,0,0,0,0,0,0,0,0,0,0,,
2013,tt2320073,"A Viking Saga: The Darkest Day",Chris Crow,,221200,116,1.4,0,1,2,4,5,33,0,0,0,0,0,0,0,0,0,0,0,0,0,0,0,0,5,2.7,0,0,0,0,0,0,0,0,0,0,0,0,0,0,,
2012,tt1986760,"A puerta fría",Xavi Puebla,,195909,1,3.0,0,0,0,0,0,0,7,3.1,0,0,1,0,0,0,0,0,0,0,0,0,0,0,1,3.0,0,0,0,0,0,0,0,0,0,0,0,0,0,0,,
2010,tt1720040,"A tiro de piedra",Sebastián Hiriart,,192431,1,3.0,0,0,0,0,0,0,1,3.0,0,0,0,0,0,0,1,3.0,0,0,0,0,0,0,1,3.0,0,0,0,0,0,0,0,0,0,0,0,0,0,0,,
2012,tt2063575,"A.L.F.",Jérôme Lescure,,208312,308,4.0,57,30,8,6,5,4,0,0,0,0,0,0,0,0,0,0,0,0,0,0,0,0,0,0,0,0,0,0,0,0,0,0,0,0,0,0,0,0,,
2013,tt1671446,"Aadhi Bhagavan",Ameer Sultan,,219039,5,2.9,0,0,0,0,0,0,0,0,0,0,0,0,0,0,0,0,0,0,0,0,0,0,1,3.0,0,0,0,0,0,0,0,0,0,0,0,0,0,0,,633,282,282,146,222,
2011,tt1848771,"Aarakshan",Prakash Jha,,196502,3,3.0,0,0,0,0,0,0,1,3.0,0,0,0,0,0,0,0,0,0,0,0,0,0,0,1,3.0,0,0,0,0,0,0,0,0,0,0,0,0,0,0,,257,175,145,95,100,
2010,tt1496729,"Aaranya Kaandam",Thiagarajan Kumararaja,,195010,1,3.1,0,0,0,0,0,0,1,3.1,0,0,0,0,0,0,0,0,0,0,0,0,0,0,1,3.1,0,0,0,0,0,0,0,0,0,0,0,0,0,0,,23,11,7,3,5,
2011,tt1600195,"Abduction",John Singleton,,178184,3436,2.6,42,61,125,138,110,110,80,3.2,2,5,3,3,2,0,570,3.9,6,6,12,13,1,1,187,3.4,3,5,4,6,1,2,47,3.0,0,0,2,4,2,0,,28,13,15,26,13,
2010,tt1479668,"Abel",Diego Luna,,171730,56,3.4,2,6,7,1,1,0,4,3.1,0,0,0,0,0,0,0,0,0,0,0,0,0,0,3,3.1,0,0,0,0,0,0,0,0,0,0,0,0,0,0,,
2013,tt2194499,"About Time",Richard Curtis,,201760,3697,4.2,82,188,114,43,11,6,121,3.9,1,10,5,0,0,0,855,4.6,71,30,9,3,2,1,119,4.1,6,10,2,0,0,0,57,3.3,1,2,2,0,0,1,,82,82,71,43,37,
2012,tt1611224,"Abraham Lincoln: Vampire Hunter",Timur Bekmambetov,,184552,4011,2.7,53,123,208,147,103,77,196,2.6,2,4,9,7,6,3,624,3.7,6,9,8,6,2,2,190,3.2,1,3,11,6,2,0,91,3.8,1,0,3,4,1,0,,200,164,80,49,38,
2012,tt2363151,"Abseitsfalle",Stefan Hering,,215358,2,2.9,0,0,1,0,0,0,0,0,0,0,0,0,0,0,0,0,0,0,0,0,0,0,2,2.9,0,0,0,0,0,0,0,0,0,0,0,0,0,0,,
2011,tt1610996,"Absentia",Mike Flanagan,,211089,38,2.8,0,2,2,4,2,0,0,0,0,0,0,0,0,0,0,0,0,0,0,0,0,0,7,3.0,0,0,0,0,0,0,2,3.0,0,0,0,0,0,0,,
2012,tt1296885,"Absolute Fear",John Milton Branton,,210452,9,2.5,0,0,0,0,0,2,0,0,0,0,0,0,0,0,0,0,0,0,0,0,0,0,1,2.9,0,0,0,0,0,0,0,0,0,0,0,0,0,0,,
2013,tt2418372,"Abus de faiblesse",Catherine Breillat,,201599,174,2.3,4,10,12,13,7,3,2,3.0,0,0,0,0,0,0,6,3.2,0,1,0,0,0,0,2,3.0,0,0,0,0,0,0,2,3.0,0,0,0,0,0,0,,
2012,tt2042443,"Acciaio",Stefano Mordini,,213753,14,2.9,0,2,0,2,1,0,0,0,0,0,0,0,0,0,0,0,0,0,0,0,0,0,1,3.0,0,0,0,0,0,0,0,0,0,0,0,0,0,0,,
2012,tt1800372,"Achtste Groepers Huilen Niet",Dennis Bots,,206100,5,3.2,1,0,0,0,0,0,9,3.4,0,0,0,0,0,0,388,4.6,23,6,2,0,0,0,7,3.2,0,0,0,0,0,0,5,3.2,0,0,0,0,0,0,,
2010,tt1396208,"Action Replayy",Vipul Amrutlal Shah,,187543,6,3.1,0,1,0,0,0,0,1,3.0,0,0,0,0,0,0,0,0,0,0,0,0,0,0,1,3.0,0,0,0,0,0,0,0,0,0,0,0,0,0,0,,548,244,220,178,389,
2011,tt2175535,"Adam Chaplin",Emanuele De Santi,,195863,15,2.8,0,0,4,2,0,1,2,3.0,0,0,0,0,0,0,0,0,0,0,0,0,0,0,3,3.1,0,1,1,0,0,0,0,0,0,0,0,0,0,0,,
2013,tt2094990,"Adieu Paris",Franziska Buch,,218405,16,3.1,0,1,1,1,0,0,0,0,0,0,0,0,0,0,0,0,0,0,0,0,0,0,3,3.0,0,0,0,0,0,0,0,0,0,0,0,0,0,0,,
2013,tt1814621,"Admission",Paul Weitz,,189444,0,0,0,0,0,0,0,0,0,0,0,0,0,0,0,0,0,0,0,0,0,0,0,0,7,3.1,0,1,0,0,0,0,6,3.0,0,0,0,1,0,0,,0,0,0,0,0,
2013,tt1067765,"Adult World",Scott Coffey,,203394,24,3.2,0,0,2,0,0,0,8,3.3,0,0,1,0,0,0,0,0,0,0,0,0,0,0,8,3.2,0,0,0,0,0,0,6,3.2,0,0,0,0,0,0,,
2013,tt2309961,"Afflicted",Derek Lee,,224493,0,0,0,0,0,0,0,0,0,0,0,0,0,0,0,0,11,2.7,1,0,0,0,1,1,13,3.3,0,1,0,0,0,0,0,0,0,0,0,0,0,0,,
2010,tt1871209,"Aficionados",Arturo Dueñas,,190182,1,3.0,0,0,0,0,0,0,3,3.2,2,0,0,0,0,0,0,0,0,0,0,0,0,0,1,3.0,0,0,0,0,0,0,0,0,0,0,0,0,0,0,,
2012,tt2404163,"After",Géraldine Maillet,,191110,45,3.2,0,3,2,1,0,0,1,3.0,0,0,0,0,0,0,0,0,0,0,0,0,0,0,1,3.0,0,0,0,0,0,0,0,0,0,0,0,0,0,0,,
2013,tt2312890,"Afternoon Delight",Jill Soloway,,216294,84,2.7,0,2,3,6,0,0,3,3.0,0,0,0,0,0,0,0,0,0,0,0,0,0,0,3,3.0,0,0,0,0,0,0,0,0,0,0,0,0,0,0,,
2013,tt2144007,"Afterparty",Miguel Larraya,,202955,3,2.9,0,0,0,0,0,0,12,2.6,0,0,0,0,0,0,0,0,0,0,0,0,0,0,9,2.8,0,0,0,1,0,0,3,2.9,0,0,0,0,1,0,,
2013,tt2518926,"Age of Dinosaurs",Joseph J. Lawson,,221596,58,1.7,0,0,1,2,8,3,3,2.8,0,0,0,0,0,0,0,0,0,0,0,0,0,0,2,2.9,0,0,0,0,0,0,0,0,0,0,0,0,0,0,,
2011,tt1590950,"Age of Heroes",Adrian Vitoria,,189416,130,2.4,0,3,8,13,5,2,2,3.0,0,0,0,0,0,0,2,3.0,0,0,0,0,0,0,8,2.9,0,0,0,0,0,0,0,0,0,0,0,0,0,0,,
2011,tt1594917,"Age of the Dragons",Ryan Little,,189454,0,0,0,0,0,0,0,0,2,3.0,0,0,0,0,0,0,0,0,0,0,0,0,0,0,8,2.7,0,0,0,0,0,0,0,0,0,0,0,0,0,0,,
2012,tt2219188,"Agent Ranjid rettet die Welt",Michael Karen,,181127,1,3.0,0,0,0,0,0,0,1,3.0,0,0,0,0,0,0,0,0,0,0,0,0,0,0,47,3.0,2,2,1,0,0,2,0,0,0,0,0,0,0,0,,
2012,tt1395025,"Agent Vinod",Sriram Raghavan,,199801,2,3.1,0,0,0,0,0,0,1,3.1,0,0,0,0,0,0,0,0,0,0,0,0,0,0,1,3.1,0,0,0,0,0,0,0,0,0,0,0,0,0,0,,
2012,tt1849718,"Agneepath",Karan Malhotra,,201814,11,3.5,0,1,0,0,0,0,4,3.2,0,0,0,0,0,0,0,0,0,0,0,0,0,0,4,3.2,0,0,0,0,0,0,4,3.2,0,0,0,0,0,0,,4197,1576,825,498,872,
2010,tt1519245,"Agnosia",Eugenio Mira,,183078,147,2.2,0,4,9,15,14,2,12,2.9,0,0,1,2,0,0,0,0,0,0,0,0,0,0,9,2.7,0,0,0,0,0,0,0,0,0,0,0,0,0,0,,
2012,tt2107648,"Ahí va el diablo",Adrián García Bogliano,,213222,0,0,0,0,0,0,0,0,3,2.9,0,0,0,0,0,0,0,0,0,0,0,0,0,0,4,2.8,0,0,0,0,0,1,0,0,0,0,0,0,0,0,,
2013,tt2388637,"Ain't Them Bodies Saints",David Lowery,,206994,617,3.0,3,20,34,32,13,3,11,3.3,0,0,1,0,0,0,12,3.3,0,0,0,0,0,0,11,3.3,0,4,1,0,0,0,12,3.4,0,0,1,1,0,0,,
2012,tt1827354,"Airborne",Dominic Burns,,195213,3,2.8,0,0,0,1,0,1,2,2.9,0,0,0,0,0,0,0,0,0,0,0,0,0,0,3,2.8,0,0,0,0,0,0,0,0,0,0,0,0,0,0,,
2010,tt1509732,"Aisha",Rajshree Ojha,,184201,2,3.0,0,0,0,0,0,0,1,3.0,0,0,0,0,0,0,0,0,0,0,0,0,0,0,1,3.0,0,0,0,0,0,0,0,0,0,0,0,0,0,0,,
2011,tt2104115,"Al Juma Al Akheira",Yahya Alabdallah,,201832,1,3.0,0,0,0,0,0,0,0,0,0,0,0,0,0,0,0,0,0,0,0,0,0,0,1,3.0,0,0,0,0,0,0,3.0,0,0,0,0,0,0,,
2013,tt0469021,"Alan Partridge: Alpha Papa",Declan Lowney,,216932,22,3.2,0,0,1,2,1,0,5,3.2,0,0,1,0,0,0,0,0,0,0,0,0,0,0,5,3.2,0,0,0,0,0,0,5,3.2,0,0,0,0,0,0,,
2011,tt1541149,"Albatross",Niall MacCormick,,196504,7,3.0,0,1,1,0,0,0,1,3.0,0,0,0,0,0,0,0,0,0,0,0,0,0,0,1,3.0,0,0,0,0,0,0,3.0,0,0,0,0,0,0,,
2012,tt1712170,"Alex Cross",Rob Cohen,,191866,965,1.9,8,13,44,48,47,36,38,2.7,1,0,2,1,1,0,49,3.3,2,1,2,0,1,0,31,2.7,0,1,3,1,1,0,9,3.1,0,0,0,0,0,0,,
2013,tt2614032,"Alex Pandian",Suraj,,217287,1,3.0,0,0,0,0,0,0,0,0,0,0,0,0,0,0,0,0,0,0,0,0,0,0,1,3.0,0,0,0,0,0,0,0,0,0,0,0,0,0,0,,285,83,108,93,227,
2010,tt1533784,"Alex und der Löwe",Ives-Yuri Garate,,187470,1,2.9,0,0,0,0,0,0,1,2.9,0,0,0,0,0,0,0,0,0,0,0,0,0,0,1,2.9,0,0,0,0,0,0,0,0,0,0,0,0,0,0,,
2012,tt2006051,"Ali",Paco R. Baños,,196922,1,3.0,0,0,0,0,0,0,3,3.0,0,0,1,0,0,0,0,0,0,0,0,0,0,0,1,3.0,0,0,0,0,0,0,0,0,0,0,0,0,0,0,,
2010,tt1014759,"Alice in Wonderland",Tim Burton,,132663,28442,3.3,553,917,610,786,324,294,542,3.7,7,11,18,14,7,1,1903,4.3,21,12,11,32,19,4,1020,3.5,10,12,15,15,6,0,662,3.9,15,59,15,39,8,1,,31,34,40,24,5,
2011,tt1910498,"Alien Armageddon",Neil Johnson,,205560,66,1.5,2,0,0,0,3,23,1,3.0,0,0,0,0,0,0,0,0,0,0,0,0,0,0,1,3.0,0,0,0,0,0,0,3.0,0,0,0,0,0,0,,
2012,tt2275499,"Alien Dawn",Neil Johnson,,212036,74,1.5,1,0,0,1,5,23,0,0,0,0,0,0,0,0,0,0,0,0,0,0,0,0,4,2.8,0,0,0,0,1,0,0,0,0,0,0,0,0,0,,
2010,tt1592503,"Alien vs. Ninja",Seiji Chiba,,184860,20,3.0,2,0,3,0,2,0,2,2.9,0,0,0,0,0,0,0,0,0,0,0,0,0,0,4,2.8,0,0,0,1,1,0,0,0,0,0,0,0,0,0,,
2011,tt1854506,"Aliens vs. Avatars",Lewis Schoenbrun,,200194,2,2.9,0,0,0,0,0,0,2,2.9,0,0,0,0,0,0,0,0,0,0,0,0,0,0,2,2.9,0,0,0,0,0,0,0,0,0,0,0,0,0,0,,
2010,tt1307858,"All About Evil",Joshua Grannell,,184861,2,2.9,0,0,0,0,0,0,2,2.9,0,0,0,0,0,0,0,0,0,0,0,0,0,0,5,2.7,0,0,0,0,1,1,0,0,0,0,0,0,0,0,,
