2010,tt1542344,"127 Hours",Danny Boyle,,174939,10237,3.9,257,587,409,146,70,30,198,3.5,6,11,6,10,1,0,560,4.3,27,28,5,2,0,1,433,4.0,6,12,4,2,0,0,563,3.9,10,64,14,27,7,1,,144,132,48,19,33,
2011,tt1622547,"30 Minutes or Less",Ruben Fleischer,,182256,886,2.4,2,9,42,45,22,13,24,2.8,0,0,1,0,1,0,64,3.7,3,3,7,1,0,0,75,3.1,0,1,5,0,0,0,0,0,0,0,0,0,0,0,,26,7,19,19,12,
2011,tt1629376,"7 Khoon Maaf",Vishal Bhardwaj,,184319,1,3.0,0,0,0,0,0,0,1,3.0,0,0,0,0,0,0,0,0,0,0,0,0,0,0,1,3.0,0,0,0,0,0,0,0,0,0,0,0,0,0,0,,390,195,192,90,203,
2013,tt1606378,"A Good Day to Die Hard",John Moore,,181111,8218,2.3,78,145,318,434,327,224,138,3.0,0,3,4,6,3,3,459,3.9,6,13,15,19,4,4,505,2.5,3,6,7,15,15,8,54,3.6,1,0,6,6,0,0,,170,81,91,49,42,
2011,tt1231586,"A Good Old Fashioned Orgy",Alex Gregory,,136248,0,0,0,0,0,0,0,0,0,0,0,0,0,0,0,0,13,2.8,1,0,1,1,0,1,2,3.0,0,0,0,0,0,0,0,0,0,0,0,0,0,0,,23,19,24,31,26,
2010,tt1179056,"A Nightmare on Elm Street",Samuel Bayer,,133955,2911,2.4,117,142,129,174,131,160,71,3.1,0,5,2,12,4,0,291,4.1,7,4,6,10,12,1,174,2.9,6,8,11,10,10,3,215,3.0,5,11,9,23,7,1,,16,13,14,5,5,
2013,tt1671446,"Aadhi Bhagavan",Ameer Sultan,,219039,5,2.9,0,0,0,0,0,0,0,0,0,0,0,0,0,0,0,0,0,0,0,0,0,0,1,3.0,0,0,0,0,0,0,0,0,0,0,0,0,0,0,,633,282,282,146,222,
2011,tt1848771,"Aarakshan",Prakash Jha,,196502,3,3.0,0,0,0,0,0,0,1,3.0,0,0,0,0,0,0,0,0,0,0,0,0,0,0,1,3.0,0,0,0,0,0,0,0,0,0,0,0,0,0,0,,257,175,145,95,100,
2010,tt1496729,"Aaranya Kaandam",Thiagarajan Kumararaja,,195010,1,3.1,0,0,0,0,0,0,1,3.1,0,0,0,0,0,0,0,0,0,0,0,0,0,0,1,3.1,0,0,0,0,0,0,0,0,0,0,0,0,0,0,,23,11,7,3,5,
2011,tt1600195,"Abduction",John Singleton,,178184,3436,2.6,42,61,125,138,110,110,80,3.2,2,5,3,3,2,0,570,3.9,6,6,12,13,1,1,187,3.4,3,5,4,6,1,2,47,3.0,0,0,2,4,2,0,,28,13,15,26,13,
2013,tt2194499,"About Time",Richard Curtis,,201760,3697,4.2,82,188,114,43,11,6,121,3.9,1,10,5,0,0,0,855,4.6,71,30,9,3,2,1,119,4.1,6,10,2,0,0,0,57,3.3,1,2,2,0,0,1,,82,82,71,43,37,
2012,tt1611224,"Abraham Lincoln: Vampire Hunter",Timur Bekmambetov,,184552,4011,2.7,53,123,208,147,103,77,196,2.6,2,4,9,7,6,3,624,3.7,6,9,8,6,2,2,190,3.2,1,3,11,6,2,0,91,3.8,1,0,3,4,1,0,,200,164,80,49,38,
2010,tt1396208,"Action Replayy",Vipul Amrutlal Shah,,187543,6,3.1,0,1,0,0,0,0,1,3.0,0,0,0,0,0,0,0,0,0,0,0,0,0,0,1,3.0,0,0,0,0,0,0,0,0,0,0,0,0,0,0,,548,244,220,178,389,
2013,tt1814621,"Admission",Paul Weitz,,189444,0,0,0,0,0,0,0,0,0,0,0,0,0,0,0,0,0,0,0,0,0,0,0,0,7,3.1,0,1,0,0,0,0,6,3.0,0,0,0,1,0,0,,0,0,0,0,0,
2012,tt1849718,"Agneepath",Karan Malhotra,,201814,11,3.5,0,1,0,0,0,0,4,3.2,0,0,0,0,0,0,0,0,0,0,0,0,0,0,4,3.2,0,0,0,0,0,0,4,3.2,0,0,0,0,0,0,,4197,1576,825,498,871,
2013,tt2614032,"Alex Pandian",Suraj,,217287,1,3.0,0,0,0,0,0,0,0,0,0,0,0,0,0,0,0,0,0,0,0,0,0,0,1,3.0,0,0,0,0,0,0,0,0,0,0,0,0,0,0,,285,83,108,93,227,
2010,tt1014759,"Alice in Wonderland",Tim Burton,,132663,28442,3.3,553,917,610,786,324,294,542,3.7,7,11,18,14,7,1,1903,4.3,21,12,11,32,19,4,1020,3.5,10,12,15,15,6,0,662,3.9,15,59,15,39,8,1,,31,34,40,24,5,
2013,tt1800241,"American Hustle",David O. Russell,,205330,6480,3.4,29,197,279,173,60,29,262,3.2,1,9,16,8,1,5,977,4.1,15,31,27,22,9,2,374,3.8,5,14,13,7,5,5,93,3.6,2,5,5,6,0,1,,92,90,63,30,28,
2010,tt1499201,"Anjaana Anjaani",Siddharth Anand,,184666,3,3.2,0,0,0,0,0,0,2,3.1,0,0,0,0,0,0,0,0,0,0,0,0,0,0,2,3.1,0,0,0,0,0,0,0,0,0,0,0,0,0,0,,328,193,191,160,251,
2012,tt1781769,"Anna Karenina",Joe Wright,,191856,1967,3.3,32,62,95,67,32,21,77,3.0,2,1,5,3,2,2,272,4.1,2,7,8,7,4,1,86,3.5,0,3,2,1,1,0,56,3.6,0,1,2,0,0,1,,0,0,0,0,0,
2010,tt1431181,"Another Year",Mike Leigh,,171855,1195,3.2,28,78,50,37,28,23,25,2.9,0,1,1,0,0,1,7,3.3,1,0,0,0,0,0,42,3.4,2,4,0,0,1,0,42,3.2,2,5,1,0,1,0,,4,4,8,15,2,
2012,tt1764183,"Arbitrage",Nicholas Jarecki,,187453,855,2.8,1,26,74,40,11,6,67,3.1,0,0,10,2,0,0,121,3.6,1,4,9,1,0,0,41,3.0,0,1,1,1,0,0,20,3.0,0,1,3,0,0,0,,60,68,23,21,24,
2012,tt1024648,"Argo",Ben Affleck,,190267,12920,4.2,293,818,322,103,37,38,511,4.1,18,25,10,5,0,0,809,4.4,25,46,14,5,0,2,372,4.1,1,10,5,3,0,0,121,3.9,3,6,4,2,1,1,,127,66,32,20,36,
2011,tt1334512,"Arthur",Jason Winer,,141341,293,2.7,3,5,8,12,6,5,8,2.9,0,0,0,0,1,0,52,3.5,1,2,2,1,1,0,43,3.0,0,0,1,0,0,0,13,2.9,0,0,1,0,0,0,,30,13,21,14,17,
2011,tt1284575,"Bad Teacher",Jake Kasdan,,138880,5755,2.2,32,73,200,246,166,133,97,2.2,1,2,3,9,14,1,349,3.2,4,2,12,5,8,7,352,2.5,1,1,7,8,6,2,68,2.3,0,1,5,5,4,3,,123,63,66,52,49,
2012,tt2082197,"Barfi!",Anurag Basu,,210935,16,3.6,2,0,1,0,0,0,0,0,0,0,0,0,0,0,0,0,0,0,0,0,0,0,2,3.1,0,0,0,0,0,0,170,4.6,11,6,0,0,0,0,,6255,2077,770,532,1012,
2012,tt1440129,"Battleship",Peter Berg,,146628,8022,2.9,137,297,373,301,205,159,212,3.2,7,15,12,3,6,8,619,3.8,13,13,8,7,4,2,437,3.4,7,12,7,8,5,3,136,3.6,5,0,4,4,4,1,,280,160,132,59,52,
2012,tt2125435,"Beasts of the Southern Wild",Benh Zeitlin,,200333,2400,3.8,71,143,93,50,38,21,53,3.3,0,4,2,0,0,0,248,4.0,12,9,5,6,5,2,84,3.7,2,5,0,0,0,1,38,3.8,2,5,2,0,0,0,,0,0,0,0,0,
2013,tt2209418,"Before Midnight",Richard Linklater,,208883,608,3.5,8,17,31,17,6,3,48,3.3,1,3,1,1,1,0,159,4.2,19,8,4,4,3,1,53,3.8,4,2,1,1,0,0,20,3.2,0,2,1,0,1,0,,0,0,0,0,0,
2012,tt1440732,"Bel Ami",Declan Donnellan,,146734,1233,2.7,12,19,53,55,39,14,24,3.4,0,0,0,2,0,0,100,3.2,0,1,1,1,2,0,36,3.0,0,0,0,0,0,0,16,3.3,0,0,1,2,1,0,,42,16,27,36,25,
2011,tt1242599,"Bellflower",Evan Glodell,,191456,1002,3.8,17,46,51,19,11,6,4,3.0,0,0,0,0,0,0,4,3.0,0,0,0,0,0,0,10,3.3,0,2,0,0,0,0,6,3.1,0,0,0,0,0,0,,0,0,0,0,0,
2012,tt1891755,"Billa 2",Chakri Toleti,,207040,49,3.6,7,2,1,1,2,0,1,3.0,0,0,0,0,0,0,0,0,0,0,0,0,0,0,1,3.0,0,0,0,0,0,0,3.0,0,0,0,0,0,0,,2455,774,539,304,597,
2010,tt0947798,"Black Swan",Darren Aronofsky,,125828,27445,4.2,1350,1320,485,303,193,179,587,4.0,29,36,15,7,14,0,1915,4.5,108,51,18,13,0,5,1042,4.1,18,30,11,4,5,0,943,4.1,30,97,16,54,10,8,,119,95,52,18,34,
2011,tt1297919,"Blitz",Elliott Lester,,169688,2165,2.7,18,60,138,120,50,33,58,2.9,2,1,4,3,6,0,100,4.0,2,1,2,2,1,1,92,3.4,0,2,2,1,1,0,47,3.5,1,0,1,2,2,1,,55,34,43,15,27,
2013,tt2334873,"Blue Jasmine",Woody Allen,,206191,5595,3.7,57,283,252,125,38,28,158,3.6,3,11,5,0,1,0,460,4.1,20,27,14,3,0,1,114,3.8,2,6,1,1,1,1,44,3.6,1,6,3,1,0,0,,0,0,0,0,0,
2010,tt1585558,"Bodyguard",Siddique,,197037,7,3.3,0,0,0,0,0,0,1,3.0,0,0,0,0,0,0,0,0,0,0,0,0,0,0,1,3.0,0,0,0,0,0,0,0,0,0,0,0,0,0,0,,4058,1213,736,406,854,
2010,tt1578261,"Break Ke Baad",Danish Aslam,,187544,5,3.2,0,0,0,0,0,0,2,3.1,0,0,0,0,0,0,0,0,0,0,0,0,0,0,2,3.1,0,0,0,0,0,0,0,0,0,0,0,0,0,0,,294,117,167,144,229,
2013,tt2551378,"Bullett Raja",Tigmanshu Dhulia,,224736,1,3.1,0,0,0,0,0,0,0,0,0,0,0,0,0,0,0,0,0,0,0,0,0,0,1,3.1,0,0,0,0,0,0,0,0,0,0,0,0,0,0,,1338,700,886,470,541,
2011,tt1349451,"Butter",Jim Field Smith,,145615,149,2.3,0,2,10,4,5,1,0,0,0,0,0,0,0,0,21,3.5,1,0,2,0,0,0,11,3.2,0,0,0,0,0,0,5,3.0,0,0,0,0,0,0,,4,1,2,2,0,
2011,tt0458339,"Captain America: The First Avenger",Joe Johnston,,136557,13996,3.4,130,328,541,297,171,108,367,3.3,3,9,15,10,5,2,1495,4.3,19,27,21,5,2,6,583,3.1,2,5,15,7,8,0,160,3.5,2,5,9,11,3,3,,76,44,47,11,11,
2013,tt1535109,"Captain Phillips",Paul Greengrass,,191696,5427,4.3,155,388,148,45,9,4,253,4.1,7,8,6,2,0,0,919,4.4,48,49,19,2,1,0,275,4.1,5,23,5,1,0,0,83,3.8,1,13,6,2,0,0,,126,75,57,30,24,
2011,tt1692486,"Carnage",Roman Polanski,,183445,4211,3.4,45,201,263,93,52,30,119,3.5,1,5,3,0,2,1,136,3.8,2,3,4,2,1,1,418,4.1,8,16,8,4,1,0,29,2.7,0,0,4,5,1,1,,26,37,25,16,19,
2013,tt1939659,"Carrie",Kimberly Peirce,,194194,2472,2.9,37,84,149,111,75,32,89,3.1,1,2,9,2,2,0,1315,4.1,45,28,35,24,7,3,135,2.9,1,3,9,5,9,0,40,3.6,1,2,0,2,0,0,,134,75,97,49,46,
2013,tt2112124,"Chennai Express",Rohit Shetty,,222532,108,4.0,11,4,7,3,0,0,0,0,0,0,0,0,0,0,4,3.2,0,0,0,0,0,0,13,3.3,0,1,0,0,0,1,21,3.8,0,1,1,0,0,0,,9026,3799,3443,1961,2112,
2012,tt1991245,"Chernobyl Diaries",Bradley Parker,,203597,1488,2.1,20,43,82,135,61,62,43,2.3,0,0,3,2,4,1,250,1.9,0,1,11,12,8,8,111,2.4,1,0,3,4,2,4,30,2.3,0,0,0,2,0,1,,0,0,0,0,0,
2012,tt1706593,"Chronicle",Josh Trank,,184617,10830,3.5,134,481,486,231,118,104,130,3.0,1,10,5,5,1,5,220,3.4,0,6,2,2,0,2,306,3.7,2,7,3,6,1,0,69,3.0,0,4,5,5,0,0,,137,78,43,24,17,
2011,tt0816462,"Conan the Barbarian",Marcus Nispel,,28817,2403,1.9,31,34,101,125,125,138,82,2.3,1,6,3,6,8,0,170,2.9,5,2,6,2,2,8,94,2.3,0,1,3,4,4,4,46,2.6,0,2,2,5,2,2,,81,52,52,31,41,
2011,tt1598778,"Contagion",Steven Soderbergh,,178091,7382,2.5,21,144,356,323,162,104,145,2.7,1,10,11,12,7,4,201,3.2,3,6,10,5,5,2,209,3.4,1,8,4,5,3,0,71,2.8,0,0,8,7,1,1,,34,28,37,11,15,
2011,tt1372686,"Coriolanus",Ralph Fiennes,,174367,239,2.4,3,10,14,8,9,8,16,2.6,0,0,1,1,0,0,40,2.9,0,1,2,0,3,0,22,2.8,0,0,1,0,0,0,14,2.9,0,2,0,1,0,0,,28,30,30,37,20,
2010,tt1279935,"Date Night",Shawn Levy,,138726,3521,2.6,46,117,158,161,66,52,31,2.7,0,1,1,1,0,0,239,3.7,3,0,6,8,4,0,170,3.1,3,6,6,5,1,0,148,2.7,6,12,4,4,1,0,,6,11,6,2,1,
2011,tt1934231,"Delhi Belly",Abhinay Deo,,135631,12,3.1,1,2,1,0,0,0,0,0,0,0,0,0,0,0,0,0,0,0,0,0,0,0,2,3.1,0,0,0,0,0,0,0,0,0,0,0,0,0,0,,1369,748,349,132,370,
2012,tt1172587,"Delhi Safari",Nikhil Advani,,206781,1,3.0,0,0,0,0,0,0,1,3.0,0,0,0,0,0,0,0,0,0,0,0,0,0,0,1,3.0,0,0,0,0,0,0,3.0,0,0,0,0,0,0,,742,266,148,85,136,
2013,tt2387559,"Delivery Man",Ken Scott,,210939,0,0,0,0,0,0,0,0,23,2.6,0,0,2,2,0,1,179,4.1,4,5,10,2,0,0,24,2.4,0,0,1,1,1,3,13,3.2,1,1,2,2,0,0,,49,15,41,33,24,
2011,tt1985981,"Desi Boyz",Rohit Dhawan,,198504,5,3.2,0,0,0,0,0,0,2,3.1,0,0,0,0,0,0,0,0,0,0,0,0,0,0,3,3.1,0,0,0,0,0,0,0,0,0,0,0,0,0,0,,1569,684,401,169,295,
2012,tt1853728,"Django Unchained",Quentin Tarantino,,190918,36247,4.5,1958,1661,454,224,86,127,748,4.4,30,37,12,1,0,0,2265,4.6,114,78,11,7,0,7,1571,4.6,47,57,11,10,2,0,260,4.4,18,21,4,0,1,0,,38,45,17,0,8,
2011,tt1564349,"Dolphin Tale",Charles Martin Smith,,184342,416,3.8,19,16,18,10,2,6,23,3.6,1,0,1,2,0,0,49,3.8,1,1,0,1,1,0,31,3.8,1,0,3,0,0,0,0,0,0,0,0,0,0,0,,28,21,15,16,16,
2010,tt1270761,"Don't Be Afraid of the Dark",Troy Nixey,,138449,477,2.4,7,13,24,36,13,12,43,2.2,0,0,4,2,3,3,54,2.8,0,3,2,4,3,2,41,2.7,1,2,0,4,0,0,27,2.6,1,0,0,1,3,0,,50,18,45,31,36,
2012,tt1343727,"Dredd",Pete Travis,,141846,2426,3.4,29,142,163,68,48,19,73,3.5,3,6,0,0,0,1,197,3.9,4,9,6,4,1,0,198,3.7,4,12,9,4,2,0,62,3.3,2,3,3,1,3,0,,91,46,57,32,43,
2011,tt1502404,"Drive Angry",Patrick Lussier,,172052,2327,2.3,32,55,125,117,91,87,29,2.9,0,0,0,2,1,1,137,3.5,3,1,11,3,2,0,157,3.1,5,4,10,5,3,2,149,3.0,1,5,7,13,9,2,,64,26,27,24,15,
2011,tt1618430,"Dum Maaro Dum",Rohan Sippy,,190337,2,3.1,0,0,0,0,0,0,1,3.0,0,0,0,0,0,0,0,0,0,0,0,0,0,0,1,3.0,0,0,0,0,0,0,0,0,0,0,0,0,0,0,,350,202,155,63,118,
2010,tt1013860,"Dylan Dog: Dead of Night",Kevin Munroe,,131727,278,2.0,0,2,11,15,16,14,10,2.6,0,0,0,0,1,0,22,3.3,0,0,0,0,1,0,11,2.9,0,0,0,1,0,0,8,2.8,0,0,0,5,0,0,,51,26,42,50,47,
2010,tt1226273,"Edge of Darkness",Martin Campbell,,136018,2111,2.4,26,81,93,142,86,56,28,3.0,1,1,2,1,0,0,92,3.7,5,4,4,5,2,2,169,3.2,0,5,5,5,2,0,253,3.5,3,13,12,20,3,0,,3,3,5,2,0,
2012,tt1703958,"Ek Main Aur Ekk Tu",Shakun Batra,,200390,3,2.9,0,0,0,0,0,0,1,3.0,0,0,0,0,0,0,1,3.0,0,0,0,0,0,0,1,3.0,0,0,0,0,0,0,0,0,0,0,0,0,0,0,,918,418,342,174,291,
2012,tt2016894,"Ek Tha Tiger",Kabir Khan,,207706,0,0,0,0,0,0,0,0,0,0,0,0,0,0,0,0,0,0,0,0,0,0,0,0,2,2.9,0,0,0,0,0,0,0,0,0,0,0,0,0,0,,10382,2912,1927,1271,2277,
2013,tt1535108,"Elysium",Neill Blomkamp,,182991,11197,3.4,78,403,510,381,124,69,274,3.2,3,10,17,7,2,1,1366,4.2,31,64,53,21,5,5,444,3.6,3,13,11,10,2,2,89,3.7,0,6,10,1,0,0,,260,170,155,90,55,
2012,tt1855199,"End of Watch",David Ayer,,196315,2420,3.9,41,163,127,37,22,17,43,3.3,0,4,5,2,0,0,141,4.2,8,7,3,2,1,0,222,4.1,0,9,4,2,0,0,26,3.3,1,2,3,0,0,1,,32,45,21,21,12,
2013,tt0848537,"Epic",Chris Wedge,,196741,3063,4.0,54,168,146,47,11,7,89,3.4,0,0,5,3,0,0,368,4.4,14,4,11,4,0,0,134,3.8,1,4,3,0,1,0,24,3.5,0,0,2,0,0,0,,200,125,104,38,28,
2013,tt2258345,"Fading Gigolo",John Turturro,,204226,1086,3.1,7,34,74,42,10,5,34,2.8,0,2,3,0,1,1,81,3.6,1,6,6,1,1,0,16,3.2,0,0,0,0,0,0,8,3.0,0,0,0,0,0,0,,11,10,10,6,12,
2010,tt0977855,"Fair Game",Doug Liman,,144111,1353,3.1,11,53,105,64,17,6,41,3.0,0,1,5,4,0,0,39,3.4,1,1,3,1,0,0,90,3.3,1,3,3,3,1,1,33,3.2,0,6,2,2,0,0,,25,15,27,12,18,
2011,tt1596343,"Fast Five",Justin Lin,,178061,11099,4.0,535,511,263,103,53,59,319,4.0,24,20,12,3,2,1,973,4.4,20,15,13,2,3,3,788,4.3,12,23,10,5,1,2,508,4.2,35,34,13,9,2,1,,440,188,70,30,58,
2010,tt1433108,"Faster",George Tillman Jr.,,146402,1290,2.9,23,28,84,66,32,17,40,3.2,0,1,1,1,1,0,135,4.1,7,5,5,2,0,0,151,3.4,0,5,6,4,0,1,64,3.6,3,7,2,7,1,0,,103,46,70,28,52,
2011,tt1622979,"Final Destination 5",Steven Quale,,185311,3916,3.2,82,181,247,159,64,40,66,3.1,4,3,5,1,4,0,253,4.1,16,12,8,5,2,2,157,3.5,1,7,5,4,0,1,87,3.2,1,6,5,6,1,1,,308,115,109,36,44,
2012,tt1907668,"Flight",Robert Zemeckis,,193101,6645,3.7,48,306,362,184,51,19,156,3.7,1,4,4,5,0,0,636,4.3,14,32,22,9,1,1,376,4.0,7,17,6,1,0,0,96,3.8,0,5,5,1,2,1,,2,9,7,3,2,
2011,tt1438176,"Fright Night",Craig Gillespie,,130996,2364,2.8,23,64,142,91,49,34,50,2.9,3,0,8,3,4,0,145,3.7,1,1,12,2,1,1,96,3.4,0,2,5,1,0,0,47,3.2,1,1,5,6,1,0,,28,15,27,6,14,
2013,tt2334649,"Fruitvale Station",Ryan Coogler,,206453,843,4.0,14,51,47,17,2,3,6,3.1,0,0,0,0,0,0,63,3.8,0,3,3,0,0,1,40,3.6,0,1,1,0,0,0,14,3.1,0,1,3,0,0,0,,52,41,16,18,10,
2013,tt2806788,"Fukrey",Mrigdeep Singh Lamba,,221498,1,3.0,0,0,0,0,0,0,0,0,0,0,0,0,0,0,0,0,0,0,0,0,0,0,1,3.0,0,0,0,0,0,0,0,0,0,0,0,0,0,0,,1512,1071,912,413,326,
2013,tt1583421,"G.I. Joe: Retaliation",Jon M. Chu,,170252,4922,2.8,24,90,206,191,96,64,134,3.0,0,2,3,6,4,2,814,4.2,13,16,17,12,8,3,272,3.3,0,4,5,8,1,3,126,4.0,1,2,4,2,1,1,,127,39,55,20,21,
2012,tt1954470,"Gangs of Wasseypur",Anurag Kashyap,,208359,75,3.8,0,7,9,0,1,0,2,3.1,0,0,0,0,0,0,0,0,0,0,0,0,0,0,2,3.1,0,0,0,0,0,0,0,0,0,0,0,0,0,0,,995,492,182,104,215,
2013,tt1321870,"Gangster Squad",Ruben Fleischer,,186168,7756,3.8,96,340,351,177,60,26,121,3.4,0,6,7,1,0,1,293,4.2,10,14,11,3,1,1,288,3.8,1,6,9,3,2,0,48,3.8,0,0,2,0,0,0,,13,9,44,17,10,
2010,tt1562859,"Golmaal 3",Rohit Shetty,,186301,1,3.0,0,0,0,0,0,0,1,3.0,0,0,0,0,0,0,0,0,0,0,0,0,0,0,1,3.0,0,0,0,0,0,0,0,0,0,0,0,0,0,0,,1322,637,400,278,769,
2012,tt1838544,"Gone",Heitor Dhalia,,190351,1029,2.7,9,29,78,54,22,13,38,3.0,1,0,4,3,1,1,227,3.9,3,9,12,4,1,1,55,2.7,0,4,5,1,3,1,17,3.0,0,0,0,1,0,0,,42,20,24,20,26,
2011,tt1133985,"Green Lantern",Martin Campbell,,132150,8074,2.6,78,168,303,290,167,122,137,2.6,2,5,8,8,6,2,589,3.0,9,9,14,15,11,5,373,2.8,0,8,10,10,7,1,86,3.0,0,5,4,6,5,1,,108,53,52,21,29,
2013,tt2191701,"Grown Ups 2",Dennis Dugan,,200730,817,2.7,8,11,32,23,22,18,68,3.6,2,3,4,0,0,2,806,4.0,27,13,11,15,6,6,250,3.0,2,2,4,3,5,3,28,3.2,0,0,0,0,1,1,,8,10,9,20,3,
2010,tt1375670,"Grown Ups",Dennis Dugan,,103306,1960,2.8,35,58,85,66,45,37,86,2.9,1,5,4,4,3,1,583,4.2,9,6,10,16,2,1,458,2.9,9,7,15,11,5,2,251,3.8,5,23,12,13,3,1,,8,10,9,20,3,
2010,tt1438298,"Guzaarish",Sanjay Leela Bhansali,,182280,13,3.5,4,0,0,0,0,0,0,0,0,0,0,0,0,0,0,0,0,0,0,0,0,0,1,3.0,0,0,0,0,0,0,0,0,0,0,0,0,0,0,,3275,1522,1419,854,1113,
2011,tt0480687,"Hall Pass",Bobby Farrelly,,177205,2354,2.6,17,76,132,94,53,30,42,3.0,0,3,5,0,0,0,110,3.4,0,5,5,3,0,3,131,3.4,4,5,5,1,2,0,15,2.7,0,1,2,0,0,0,,20,12,22,12,3,
2011,tt0993842,"Hanna",Joe Wright,,175478,2094,3.3,19,94,137,79,40,20,74,3.0,0,5,5,6,1,0,118,3.8,1,3,9,3,1,1,372,3.6,5,15,8,5,2,2,123,3.0,1,7,13,7,6,4,,69,42,47,20,40,
2011,tt1402488,"Happy Feet Two",George Miller,,140675,742,3.2,14,24,26,20,18,10,18,3.4,0,2,0,0,0,0,79,3.7,4,5,0,0,1,0,30,2.9,1,1,0,0,1,1,42,3.5,0,2,3,1,2,0,,38,26,33,28,11,
2010,tt1659205,"Harud",Aamir Bashir,,186499,2,2.9,0,0,0,0,0,0,1,3.0,0,0,0,0,0,0,0,0,0,0,0,0,0,0,1,3.0,0,0,0,0,0,0,0,0,0,0,0,0,0,0,,35,45,31,26,33,
2012,tt1949548,"Heroine",Madhur Bhandarkar,,200698,2,3.0,0,0,0,0,1,0,1,3.0,0,0,0,0,0,0,1,3.0,0,0,0,0,0,0,1,3.0,0,0,0,0,0,0,0,0,0,0,0,0,0,0,,1600,449,513,427,733,
2012,tt0975645,"Hitchcock",Sacha Gervasi,,189691,2727,3.4,17,111,190,81,28,8,92,3.3,1,4,5,2,0,0,174,4.2,1,2,6,2,0,0,92,3.5,1,1,2,0,0,0,19,3.5,0,0,0,0,0,0,,0,0,0,0,0,
