tt1754123,4,3,3,7,6,2,3,0,1,3,
tt1663207,58,32,97,299,378,264,80,34,31,57,
tt0454876,6930,9740,12773,7297,2910,1085,553,313,250,558,
tt2708254,68,31,82,146,78,29,7,7,3,25,
tt1843287,81,103,201,196,96,56,35,17,14,23,
tt2707804,5,1,5,2,4,2,4,0,1,1,
tt1219289,3579,5413,12726,13782,6237,2207,825,385,193,370,
tt0443272,6313,8130,10404,7284,3052,1360,574,318,249,568,
tt1928329,4,2,4,12,13,7,4,4,4,5,
tt1374988,3,1,2,1,3,4,2,0,0,0,
tt1576423,1,1,1,1,0,1,0,0,0,3,
tt1623745,103,44,128,192,221,124,59,33,20,26,
tt1614456,14,13,18,66,38,68,37,23,24,29,
tt0970866,445,230,739,1687,2862,2741,1439,814,552,782,
tt1737259,3,0,0,2,2,1,0,0,2,1,
tt2215267,0,0,3,1,4,5,4,0,1,2,
tt1608285,40,21,22,24,28,11,9,5,4,5,
tt2185702,0,0,0,1,2,3,0,2,1,0,
tt1667108,1,0,2,1,6,3,1,0,3,1,
tt1630560,0,1,0,0,1,1,1,0,0,1,
tt1650555,11,12,18,33,23,8,10,2,6,8,
tt2692904,440,797,1859,1861,978,464,209,146,95,205,
tt1597033,14,5,4,10,22,36,31,32,16,104,
tt1398028,23,3,4,5,17,14,13,6,7,7,
tt1592525,594,483,1493,3066,3334,1877,926,467,233,258,
tt1606789,5,7,14,35,15,7,3,0,2,12,
tt1483010,17,5,6,5,6,6,4,3,4,10,
tt1710417,58,41,107,235,285,230,145,75,42,95,
tt1817209,0,1,3,3,4,0,2,1,0,1,
tt1213648,195,141,437,850,903,489,239,93,70,88,
tt1731758,0,0,0,4,2,4,2,1,2,0,
tt1276104,5865,10341,17774,13277,5573,1993,947,464,258,495,
tt1568337,65,33,88,152,185,88,48,13,15,30,
tt2224317,46,51,73,53,35,29,8,7,6,16,
tt1186357,3,2,3,4,9,4,3,0,1,1,
tt1996310,103,154,315,393,181,59,30,15,10,27,
tt1863318,0,0,0,0,0,0,0,0,0,1,
tt2007421,0,0,2,2,1,1,1,0,1,1,
tt1474268,2,3,0,1,1,1,1,1,0,2,
tt2624316,3,0,4,7,9,2,5,2,4,7,
tt2100575,3,0,1,5,1,8,6,4,4,0,
tt1975205,6,1,2,2,2,3,5,10,24,23,
tt1734580,11,1,3,3,3,3,7,0,3,10,
tt1451395,5,5,14,22,15,9,4,1,2,2,
tt1093902,32,19,17,15,10,12,0,2,1,5,
tt2050561,0,1,1,2,4,2,1,1,1,1,
tt1636539,17,8,33,51,55,33,18,5,7,9,
tt2027154,7,2,3,8,10,13,20,6,7,16,
tt1376713,1,0,7,10,7,6,1,1,1,0,
tt1125929,68,24,60,130,186,132,80,43,28,35,
tt1992147,12,8,21,19,25,27,22,15,11,16,
tt2960270,1,0,2,1,2,0,1,1,1,0,
tt1976989,74,23,64,115,185,120,70,39,27,50,
tt1519663,33,18,40,64,99,89,38,29,17,13,
tt1436559,103,34,76,125,171,255,177,112,61,99,
tt1541874,152,75,147,179,212,159,103,73,54,99,
tt1426329,215,150,521,1083,1295,738,291,108,75,131,
tt2904628,0,0,2,2,0,4,0,0,0,0,
tt1895466,4,1,6,5,6,7,3,2,2,4,
tt1436560,14,11,14,19,15,9,4,2,2,4,
tt1705915,0,0,0,0,1,0,0,0,0,1,
tt1717158,1,1,1,1,4,4,3,3,2,4,
tt1784515,0,0,0,3,0,2,2,0,0,0,
tt1885299,43,19,60,81,104,51,24,8,11,18,
tt1473397,66,31,92,161,228,170,94,50,27,34,
tt2649174,0,0,0,0,0,0,0,0,1,1,
tt1823159,3,0,1,0,1,2,1,0,3,0,
tt1669798,0,0,0,0,0,0,3,0,0,1,
tt2664012,0,0,0,1,0,0,1,0,0,0,
tt2214852,1,0,0,1,0,2,0,0,2,0,
tt1376427,0,0,0,0,0,1,0,0,1,1,
tt2246837,2,0,2,3,5,7,7,3,5,9,
tt1433910,0,3,2,2,5,2,2,1,1,0,
tt1470023,1046,569,1147,1581,1731,1375,968,677,466,782,
tt2002718,454,254,612,1158,1520,1077,674,315,232,368,
tt1586752,683,514,1137,1703,1045,475,190,87,79,173,
tt1277953,1119,862,1957,3110,1833,827,379,207,130,289,
tt2242032,0,0,0,0,0,3,1,0,0,1,
tt1371155,104,133,325,404,167,51,17,8,12,14,
tt1787759,445,117,215,251,245,192,139,127,127,810,
tt2215285,469,104,197,283,277,331,234,173,130,575,
tt1687889,22,12,12,32,57,79,78,53,44,68,
tt1760980,7,5,21,24,20,9,8,4,3,1,
tt1849810,8,3,0,6,8,14,12,19,10,11,
tt1929308,62,41,98,161,175,194,145,116,94,166,
tt1915581,1537,807,2216,3681,3523,2211,1172,673,493,1011,
tt1527813,22,4,9,12,8,7,2,1,3,4,
tt2736928,2,0,0,0,1,0,1,1,0,3,
tt2059244,1,1,1,1,3,1,1,0,2,1,
tt2180465,0,0,0,2,4,5,2,0,1,1,
tt1588880,7,2,4,4,2,2,0,2,0,1,
tt1828959,27,10,16,42,46,33,19,13,10,34,
tt1779826,2,0,3,3,1,3,2,0,0,0,
tt1592265,12,1,3,6,5,8,7,4,3,3,
tt2582170,0,0,1,0,2,0,0,0,0,1,
tt0770828,10752,10457,15819,14020,8505,4410,2046,1148,848,1498,
tt2016940,188,137,419,720,725,409,168,72,59,75,
tt2060525,69,26,45,52,55,32,21,13,14,38,
tt2991224,95,76,87,47,14,7,5,2,1,15,
tt2304771,210,187,415,591,338,118,37,32,15,94,
tt1703238,1,0,0,1,1,0,0,0,0,1,
tt2103217,290,292,682,869,856,460,269,148,103,125,
tt2036408,1,0,2,3,5,2,2,1,1,0,
tt2193151,6,3,0,3,1,2,8,9,11,14,
tt1887807,0,0,0,1,1,0,2,1,1,5,
tt2076268,1,0,0,0,0,0,1,1,0,1,
tt1083462,39,13,24,57,72,70,33,30,18,42,
tt2168854,13,4,10,15,19,12,5,7,6,9,
tt0466893,342,264,434,497,447,285,182,100,97,158,
tt2318601,11,3,5,8,10,5,1,0,2,5,
tt1721478,0,0,3,3,5,4,1,1,1,1,
tt1961192,1,6,2,10,7,3,4,0,1,2,
tt1756616,0,0,0,1,1,0,0,1,1,2,
tt2614860,6,3,12,7,5,3,3,0,3,5,
tt1872102,8,3,8,16,10,3,1,1,1,2,
tt1392197,174,52,82,118,205,310,285,242,190,628,
tt1684558,28,15,11,28,12,15,6,8,7,13,
tt1305591,220,89,266,455,582,547,321,211,171,379,
tt1638277,3,2,2,8,9,5,4,2,5,0,
tt1441326,604,1053,2247,2282,1241,588,258,191,126,189,
tt1906422,1,0,1,2,0,0,1,0,0,1,
tt2793930,3,5,3,10,4,3,0,4,1,5,
tt1555218,2,0,2,9,6,2,4,0,0,0,
tt1680099,1,2,0,4,1,1,2,1,3,5,
tt1941600,0,0,3,2,0,6,2,0,2,5,
tt1447499,10,7,15,23,7,12,3,3,3,8,
tt2529144,0,0,0,0,0,0,0,0,1,0,
tt1683046,0,0,1,1,2,0,1,1,2,1,
tt1274297,1,0,0,1,3,4,1,1,1,1,
tt2106537,24,24,20,43,48,32,26,12,12,29,
tt2650718,3,1,5,5,6,0,2,1,5,6,
tt1627924,13,5,21,16,21,30,18,25,13,31,
tt2359668,1,0,2,0,0,4,0,1,3,2,
tt1361828,14,9,8,9,4,9,9,4,5,28,
tt2390281,0,0,0,1,0,4,1,1,0,1,
tt2119474,63,13,41,66,115,148,88,42,46,64,
tt2081311,1,5,4,3,5,1,7,2,2,5,
tt2600730,2,0,0,0,1,1,2,0,2,1,
tt2295564,20,3,11,16,43,59,32,17,14,22,
tt2390630,8,1,2,0,2,0,2,2,1,2,
tt1235841,59,100,200,152,78,38,12,5,3,8,
tt1291549,57,17,59,83,120,78,27,21,8,15,
tt1810697,84,33,117,253,375,337,215,122,74,97,
tt1001526,2129,2590,6088,7119,3203,1112,403,181,114,250,
tt1087461,119,78,133,190,226,188,135,104,109,244,
tt1337055,6,1,0,0,4,2,16,8,12,22,
tt1822255,16,14,33,37,31,7,4,2,2,3,
tt1844735,3,2,2,3,6,3,3,3,1,1,
tt1527186,1947,3373,3367,2995,1815,1189,705,503,444,828,
tt2231389,1,1,1,2,1,3,0,0,1,1,
tt1330229,17,5,3,14,10,11,7,3,5,5,
tt1504019,4,0,1,7,7,5,4,0,0,2,
tt1582225,0,0,0,0,0,0,1,0,0,1,
tt1568863,0,1,1,2,1,1,1,0,0,1,
tt1655416,73,56,108,122,149,57,48,15,19,27,
tt1728979,4,2,4,7,6,13,24,18,18,32,
tt2634394,2,1,1,4,3,3,2,2,1,3,
tt1461249,41,8,31,47,55,51,35,20,13,19,
tt1845838,51,71,119,83,21,16,5,2,2,8,
tt2649128,21,7,11,34,23,10,5,3,6,7,
tt2180473,8,1,1,1,1,5,2,1,2,4,
tt1906426,25,33,128,126,60,24,26,9,9,20,
tt1684913,6,4,1,5,2,2,2,0,1,1,
tt1068961,34,22,63,63,64,46,17,6,7,19,
tt1605783,5941,8361,12110,7255,3080,1277,632,367,279,510,
tt2011130,0,3,1,2,2,1,1,0,0,2,
tt2357461,7,4,16,23,9,7,2,3,3,10,
tt1437358,79,113,322,364,168,78,24,16,10,40,
tt1825703,0,0,0,2,1,0,2,0,1,0,
tt1654054,0,0,0,0,1,1,1,2,0,1,
tt0443331,13,2,3,5,9,11,13,13,9,12,
tt2956858,0,0,0,0,0,0,0,0,0,2,
tt2495212,0,2,3,1,2,5,1,1,1,1,
tt1720164,39,17,31,30,36,48,51,29,25,28,
tt2493386,1,0,0,0,0,2,1,2,1,0,
tt1717170,0,0,0,0,0,1,1,0,0,1,
tt1366409,115,41,60,66,83,43,28,15,15,63,
tt1843986,4,3,8,6,3,1,0,0,1,1,
tt1989571,1,1,1,0,1,1,1,0,1,2,
tt2872810,9,5,16,21,36,58,32,19,13,19,
tt1911600,62,84,180,277,179,108,37,23,11,65,
tt1629715,11,62,87,31,18,10,7,3,4,3,
tt1612769,1,0,0,1,1,0,1,0,0,1,
tt1229238,4423,6793,15212,13034,4991,1714,677,320,200,552,
tt2488740,0,1,1,2,3,4,1,0,1,1,
tt1236371,84,88,113,87,39,27,21,17,10,12,
tt1301308,5,10,8,13,9,15,2,0,5,3,
tt2112204,1,1,3,2,7,0,2,0,2,0,
tt2251519,2,0,1,2,0,2,0,0,0,2,
tt2643394,5,3,3,6,2,0,1,1,1,0,
tt1706450,36,10,5,11,6,6,1,3,1,13,
tt2170509,1,0,0,0,0,1,1,1,2,3,
tt1853614,26,33,75,94,37,13,8,1,3,12,
tt2085869,0,0,0,0,0,0,0,0,0,1,
tt1718835,2,5,15,36,38,20,12,6,3,2,
tt1688070,1,0,1,3,3,1,1,0,1,3,
tt1773578,0,1,0,0,2,1,0,1,1,1,
tt3062242,0,1,0,0,4,1,1,0,1,0,
tt1210166,4596,9231,18234,12017,3777,1148,442,250,142,411,
tt2112206,8,7,4,8,7,5,0,0,1,3,
tt2049505,0,0,0,0,0,1,1,0,1,1,
tt1502714,21,11,22,28,46,43,43,22,8,15,
tt2011971,154,284,539,382,119,45,20,7,6,27,
tt1692214,0,1,3,2,5,2,1,1,1,2,
tt2198235,6,5,4,1,4,3,2,0,2,5,
tt1716753,22,5,15,29,36,68,81,103,85,85,
tt3159812,11,5,0,8,8,3,2,4,4,4,
tt2650548,7,0,4,10,7,5,1,3,3,4,
tt1468727,7,1,3,1,3,5,5,2,10,13,
tt1453405,2909,3356,8289,7884,3074,925,316,130,80,233,
tt1748122,7210,9641,11756,6470,2559,1130,562,325,235,513,
tt1567130,5,0,4,9,6,3,1,0,2,2,
tt1126618,575,625,1566,2885,2445,1091,461,197,129,115,
tt1320103,8,5,8,8,7,9,2,4,2,9,
tt1697646,0,1,0,1,3,3,4,0,1,0,
tt1978480,24,10,22,35,24,12,8,5,4,13,
tt1434435,208,130,331,516,504,240,114,84,56,91,
tt1933622,0,0,1,1,1,0,0,0,0,1,
tt3103334,0,0,2,1,0,2,0,0,1,0,
tt1183911,22,15,43,89,103,45,24,8,10,9,
tt1485749,29,20,35,48,19,8,7,4,2,8,
tt1396218,466,283,704,1408,1970,1179,542,290,171,324,
tt1935179,2040,3827,7734,5675,1987,652,253,108,74,174,
tt2061756,30,33,76,75,42,14,9,4,2,4,
tt1781866,0,0,0,5,4,1,4,2,4,3,
tt1918965,11,8,7,17,20,23,8,8,7,18,
tt2125558,28,5,6,8,8,18,15,14,11,11,
tt2114440,4,0,2,0,2,3,2,1,13,18,
tt2268732,42,49,107,86,52,34,18,9,4,18,
tt1606636,4,2,0,4,2,4,3,3,0,2,
tt2112210,64,60,141,236,226,88,53,23,19,26,
tt1772984,0,0,0,0,0,0,2,1,0,4,
tt1447793,104,66,152,172,178,127,54,34,33,40,
tt1679248,29,8,16,21,25,23,8,7,6,7,
tt2908228,121,63,77,118,79,42,17,20,28,216,
tt1896788,3,4,11,11,8,1,2,2,2,1,
tt2480940,4,1,1,0,2,0,2,0,0,1,
tt2102502,10,2,1,6,8,5,4,1,2,3,
tt1188996,748,355,439,326,218,143,79,64,54,219,
tt1193507,29,19,17,24,36,29,16,17,7,23,
tt3091126,14,3,11,5,13,11,5,4,4,4,
tt2875926,5,4,6,11,6,1,1,2,1,3,
tt1655420,885,1237,2950,3743,1863,689,264,130,94,166,
tt1701218,11,2,2,4,7,9,13,14,12,15,
tt1705125,10,1,4,3,12,22,52,42,37,46,
tt2236054,23,16,61,91,90,38,22,6,5,11,
tt2731434,0,0,0,0,0,0,0,0,0,1,
tt2209426,1,2,4,6,1,1,2,0,0,2,
tt2654428,0,0,1,3,2,5,3,0,3,2,
tt2106550,13,9,26,39,38,31,16,9,11,12,
tt1507005,3,2,4,13,5,2,4,0,0,1,
tt2235164,1,1,0,0,1,5,0,0,1,0,
tt2034060,1,2,1,2,3,1,1,0,0,2,
tt2180477,45,8,10,15,5,6,9,1,2,12,
tt1760985,5,2,5,12,9,6,7,2,3,2,
tt1361349,0,2,3,3,4,2,2,0,2,2,
tt1454505,8,5,12,35,9,4,4,1,3,3,
tt2118689,0,0,1,7,5,1,1,0,0,5,
tt1795369,102,45,20,1,1,1,1,0,1,6,
tt1621426,53,35,86,119,85,36,14,6,6,22,
tt1493157,36,6,19,32,86,115,135,101,80,89,
tt1709714,0,0,0,0,0,0,1,0,0,1,
tt2033328,0,1,2,0,1,1,0,0,0,1,
tt1821549,1654,3046,5260,3325,1267,417,193,111,61,138,
tt1560970,34,36,82,121,56,26,18,6,6,14,
tt1318029,13,6,9,1,3,2,2,0,1,2,
tt1866205,1,1,1,5,5,7,3,0,0,2,
tt1334260,1472,1694,3141,3196,1670,799,331,181,141,227,
tt2043932,16,6,7,17,34,12,14,7,9,14,
tt1648112,20,15,24,48,50,31,9,9,10,27,
tt1880418,39,38,89,131,89,36,18,4,10,24,
tt1891942,4,1,4,7,3,0,1,1,2,3,
tt1956580,0,0,0,0,0,0,0,0,0,1,
tt0775543,71,46,106,118,150,60,32,16,16,19,
tt2043933,71,67,187,327,323,196,111,50,46,67,
tt1654523,63,74,120,166,88,55,23,8,5,22,
tt1879012,26,1,6,7,28,45,60,82,85,106,
tt0768222,638,2231,1797,1269,175,11,17,34,26,52,
tt2261891,0,0,0,1,0,0,3,0,1,1,
tt0959329,174,67,136,271,423,417,253,151,98,125,
tt2458106,73,41,90,175,177,99,51,15,15,19,
tt1644655,12,2,3,9,4,4,2,1,1,3,
tt1734110,33,57,115,130,64,32,21,8,10,40,
tt1763264,205,116,227,378,394,250,119,73,44,65,
tt1601215,5,2,1,2,1,7,5,0,6,7,
tt1411238,1277,1073,2699,5002,5211,2820,1295,748,438,663,
tt1651143,0,1,1,1,4,5,0,1,2,1,
tt1661862,8,6,25,33,30,14,3,4,3,6,
tt1740490,0,1,0,0,0,0,3,1,1,3,
tt2059255,119,219,540,491,200,73,32,14,12,38,
tt1907731,43,24,76,180,192,240,122,72,55,75,
tt1722516,1,0,0,1,0,1,0,0,0,1,
tt1884369,43,16,28,50,66,84,54,41,30,56,
tt2526866,1,0,0,0,0,0,1,1,1,0,
tt2650986,7,4,15,24,18,8,2,3,1,4,
tt1247683,54,31,43,71,63,31,14,8,7,9,
tt2153905,0,0,0,0,1,3,1,2,1,1,
tt1524565,0,0,0,0,0,0,0,0,1,1,
tt2185431,1,1,1,4,2,2,0,1,0,1,
tt1230215,69,60,158,265,324,219,95,59,24,54,
tt1935065,35,25,69,137,167,112,48,20,11,29,
tt1662293,24,11,21,47,62,108,91,66,41,58,
tt1651328,20,10,19,22,28,17,4,3,5,4,
tt1854568,7,12,16,15,25,13,7,1,4,3,
tt1723115,2,0,1,1,0,0,0,0,0,1,
tt1937264,293,206,355,433,266,139,59,26,26,40,
tt1670345,4522,5103,10009,10515,5837,2755,1345,651,412,613,
tt2016955,7,3,17,21,11,9,7,2,1,4,
tt1683921,31,35,158,176,90,33,24,6,7,9,
tt1629716,2,0,0,2,3,0,1,0,2,0,
tt2844994,4,1,5,1,4,3,2,1,2,2,
tt2181959,1,0,3,3,7,8,2,3,4,4,
tt2186665,0,1,1,1,2,0,1,0,0,1,
tt1483013,2688,3923,9476,12255,6784,2702,1150,573,348,508,
tt2388715,708,711,1852,2951,2127,1115,566,301,198,275,
tt2418298,0,0,0,0,1,1,0,0,0,1,
tt1767354,767,651,1360,1585,796,392,165,90,61,87,
tt2736074,1,1,0,2,0,0,2,0,1,1,
tt1906440,1,0,0,1,1,1,2,1,2,4,
tt1543597,0,0,0,0,0,0,2,0,1,2,
tt1821427,13,15,21,37,38,38,13,4,13,24,
tt2327453,2,0,5,3,0,0,3,2,1,2,
tt2133298,1,0,0,3,3,7,4,1,5,1,
tt1321511,361,298,747,1418,1508,1064,561,350,255,608,
tt1503149,8,1,6,2,5,3,2,0,1,3,
tt1924336,1,2,0,0,7,0,2,0,1,1,
tt1710590,2,2,8,10,9,2,1,0,1,1,
tt2852406,128,140,278,184,67,25,12,10,7,25,
tt1921048,0,2,0,4,3,0,0,0,1,0,
tt2229319,1,0,1,2,5,1,3,0,0,0,
tt1726889,1,0,0,5,7,7,0,3,2,4,
tt1663660,18,18,57,50,37,28,6,3,7,8,
tt2717558,23,22,57,56,36,15,11,3,2,9,
tt1395054,35,39,94,79,55,40,8,2,4,14,
tt1196956,47,40,53,104,57,31,15,10,4,24,
tt1563738,803,675,1421,2029,1506,815,447,249,179,260,
tt2375379,63,13,27,18,7,8,3,2,3,13,
tt1881024,35,15,35,53,110,101,57,29,19,36,
tt1602613,1106,629,1306,1704,1644,1354,971,646,467,704,
tt1714915,649,818,1400,1147,614,279,161,99,54,126,
tt1678054,5,2,4,7,12,3,3,5,1,5,
tt1474816,7,1,3,3,3,1,3,1,2,2,
tt1448762,28,11,22,41,67,95,96,64,56,66,
tt2641648,0,0,0,0,2,0,0,0,1,4,
tt1438216,36,50,93,103,48,31,11,3,4,9,
tt1390415,2,1,3,1,1,2,1,1,2,1,
tt2332686,0,0,0,0,3,1,0,1,0,0,
tt1642274,0,0,0,0,0,0,0,0,0,1,
tt0452664,1,0,1,1,5,3,6,1,2,3,
tt2185384,8,3,4,5,3,1,2,0,1,2,
tt2141875,18,6,10,15,15,27,38,23,27,46,
tt2356464,2,1,1,1,3,1,4,0,0,0,
tt1986926,2,1,3,2,2,2,1,0,1,0,
tt1578128,0,0,0,2,3,2,5,2,0,4,
tt2106590,0,0,0,0,0,3,0,1,1,0,
tt1637706,858,1019,3035,5657,4461,1947,831,347,225,308,
tt2594428,12,0,3,1,2,0,2,0,2,4,
tt1396219,19,7,42,67,95,91,30,17,15,18,
tt1621868,0,0,0,0,0,1,1,0,1,1,
tt1663662,5494,5925,11046,10653,6243,3033,1498,841,543,858,
tt2226407,1,0,0,0,0,1,1,0,1,0,
tt2479800,161,143,342,555,519,325,142,75,55,96,
tt1727358,19,6,27,45,70,93,48,42,28,45,
tt1801822,1,0,0,0,0,0,0,0,0,1,
tt2662134,0,0,0,0,0,0,1,0,0,1,
tt1784575,30,31,29,39,21,21,11,2,2,20,
tt2542406,5,6,6,4,4,5,2,0,1,4,
tt2371824,16,7,38,48,32,17,15,2,4,9,
tt2371834,10,10,23,51,33,19,5,4,3,5,
tt1403214,28,39,77,107,53,37,16,4,5,20,
tt1262990,32,16,51,70,114,114,69,53,40,77,
tt1343740,10,0,1,3,8,10,8,9,7,2,
tt1536044,1128,867,1887,2928,3140,2075,1068,682,548,1019,
tt1778304,1134,859,1972,3067,3090,1856,1027,640,428,1022,
tt2109184,422,134,419,824,1283,1589,1355,892,656,944,
tt1728179,22,2,18,27,26,35,24,24,23,54,
tt2102396,11,3,8,7,6,5,3,4,2,8,
tt1233334,202,218,357,297,139,57,24,24,10,39,
tt2420886,3,0,0,6,6,4,6,0,1,1,
tt1571409,32,16,36,35,23,12,7,2,3,5,
tt1904996,410,295,968,2184,2578,1220,515,269,123,222,
tt2345112,156,132,425,593,478,214,86,38,12,59,
tt2118701,2,2,6,4,6,2,2,2,0,2,
tt2597216,2,0,0,1,0,1,0,4,2,2,
tt1396221,410,215,87,69,131,143,140,115,90,140,
tt1829012,91,40,143,275,400,445,241,186,109,144,
tt2011183,8,9,9,12,10,5,3,4,3,4,
tt1906446,1,0,0,2,5,3,1,1,2,0,
tt1260680,14,3,5,7,6,17,19,13,24,54,
tt1535467,13,8,26,23,29,30,17,16,5,27,
tt2147459,17,6,20,55,75,82,48,31,17,22,
tt1092026,2430,2705,6454,8258,4313,1816,789,386,267,514,
tt2215395,8,4,14,28,15,6,4,2,3,4,
tt2246909,0,0,1,0,3,4,3,2,1,1,
tt1706462,0,0,0,2,0,0,2,0,0,1,
tt1551630,46,16,59,141,224,152,68,36,15,32,
tt1836883,5,1,4,8,3,0,0,0,0,2,
tt1188113,148,114,245,419,372,208,89,46,35,63,
tt2198101,1,0,1,0,0,0,1,0,0,1,
tt1103273,60,30,80,182,303,224,101,51,38,41,
tt1699755,98,37,97,179,238,218,121,79,39,126,
tt1864455,0,0,0,0,2,1,1,0,0,0,
tt2055709,21,6,35,52,84,63,36,17,12,18,
tt1725073,4,7,21,43,54,31,29,13,10,7,
tt1716777,444,533,1277,1577,858,318,123,65,31,71,
tt1854564,915,509,1093,1884,2159,1307,680,365,226,317,
tt1439572,361,351,684,794,473,265,128,82,59,87,
tt1646221,12,7,6,3,7,3,0,1,2,2,
tt1381413,26,10,18,40,58,64,36,16,18,15,
tt1922685,113,53,177,371,453,299,129,65,30,55,
tt2431286,1084,1959,3607,2385,697,205,90,40,20,89,
tt1529316,1,0,3,0,2,0,2,0,1,2,
tt1951218,4,3,6,19,25,23,7,4,3,10,
tt2066040,11,8,12,9,13,7,5,0,1,4,
tt1460643,5,0,0,5,6,12,8,10,12,25,
tt0464154,1123,608,1482,2449,2442,1748,1070,659,530,867,
tt1714203,245,60,157,291,411,591,634,534,468,598,
tt1298650,3986,3204,7115,11341,8871,4577,2202,1054,551,930,
tt2397531,33,22,41,47,51,28,21,11,7,14,
tt2585562,7,13,20,8,3,4,0,0,2,8,
tt1399677,2,2,3,5,2,4,0,0,1,1,
tt1922689,12,1,1,6,8,5,1,1,1,5,
tt2062990,1,0,1,2,3,4,3,2,0,1,
tt1691917,273,129,392,725,1022,740,421,218,141,299,
tt1376717,6,15,19,21,16,7,6,3,2,8,
tt1682940,88,14,33,60,97,177,172,105,90,110,
tt1632722,1,1,0,1,1,0,0,3,1,1,
tt2226519,48,18,38,54,62,68,38,21,20,24,
tt1817236,2,0,1,2,1,0,1,0,1,5,
tt1587729,78,33,64,68,23,15,6,2,5,28,
tt1661420,42,71,180,179,72,59,19,10,11,27,
tt1702385,0,0,0,1,0,1,0,0,1,0,
tt1693843,431,15,29,31,35,46,28,29,26,36,
tt2602664,1,0,0,3,4,0,4,0,2,2,
tt1544592,2,0,2,1,2,3,0,0,1,0,
tt1774531,6,3,3,4,2,1,3,0,0,4,
tt2043962,4,3,8,9,3,0,1,0,2,2,
tt2690160,3,2,3,2,4,12,14,14,21,19,
tt1798229,0,0,2,2,4,1,1,0,0,1,
tt1714886,10,10,23,33,23,15,5,3,1,6,
tt1754367,40,55,80,97,68,64,30,26,16,15,
tt2319993,0,0,0,2,0,0,1,0,1,0,
tt1521848,36,43,124,185,131,79,29,9,8,16,
tt1196338,10,2,2,4,4,11,11,19,20,31,
tt1736636,15,22,70,109,65,24,12,3,1,6,
tt2176786,7,8,24,28,10,7,4,3,1,6,
tt2608726,0,0,0,3,1,2,7,1,2,10,
tt1547234,660,647,2256,4585,3592,1528,677,293,150,240,
tt1352765,6,11,13,10,4,3,2,1,3,4,
tt1845849,30,9,54,108,132,115,66,26,21,36,
tt1438534,97,25,60,140,213,228,132,87,59,102,
tt1592521,10,15,21,26,12,9,3,3,2,2,
tt2195548,122,175,513,821,716,360,188,102,55,58,
tt0473075,2171,1811,4208,6900,5348,2743,1485,757,470,707,
tt1455816,10,1,1,7,13,13,7,12,9,18,
tt1986935,0,0,0,1,0,1,0,0,0,2,
tt1392214,5086,8788,12011,6103,1938,674,266,184,107,305,
tt1667439,4,5,6,7,15,11,2,2,3,7,
tt1500512,73,59,79,65,48,32,16,16,12,25,
tt1636826,1916,1195,2576,3976,3038,1642,861,567,404,1113,
tt2091473,254,251,875,1934,1385,519,191,93,67,258,
tt1491611,0,0,0,2,1,0,0,0,0,0,
tt1559033,90,11,32,69,111,161,115,82,46,63,
tt1582244,7,5,20,8,5,0,1,0,1,2,
tt1351784,19,6,7,20,22,46,60,54,41,46,
tt1703919,0,0,0,3,4,4,3,5,1,1,
tt1582248,256,228,605,912,538,225,59,24,19,35,
tt1931515,0,0,0,0,0,0,0,0,1,0,
tt1549571,46,10,15,24,35,41,21,14,11,46,
tt1921070,16,13,22,90,114,108,46,19,12,26,
tt1530975,27,6,24,24,25,12,17,10,14,17,
tt1410198,3,3,0,0,0,3,3,0,3,4,
tt1879030,34,15,21,35,53,35,22,13,12,18,
tt3285802,0,2,1,1,3,1,1,0,0,0,
tt2334779,1,2,0,3,3,2,5,0,2,1,
tt1808426,2,0,0,4,4,1,2,1,0,1,
tt1441951,307,301,584,636,418,176,65,32,13,38,
tt1266037,2,2,9,8,5,1,2,0,0,2,
tt2112136,2,0,0,0,4,1,1,2,2,1,
tt1899270,2,2,3,5,2,5,3,0,1,2,
tt1787787,2,1,3,2,1,2,0,0,1,0,
tt2073154,2,0,0,0,1,5,0,2,1,1,
tt1068962,1,0,0,2,4,0,0,0,1,2,
tt1443518,4,2,2,0,4,3,3,2,0,2,
tt1434443,11,6,29,44,15,6,2,0,1,7,
tt1729218,0,0,1,1,5,2,1,0,2,0,
tt0790736,463,300,857,1914,2798,2320,1214,779,463,531,
tt2914838,15,12,30,33,40,19,13,9,10,7,
tt1291465,49,72,106,140,77,50,29,15,14,36,
tt2359810,57,69,115,91,65,28,18,11,8,43,
tt1334470,31,15,30,34,36,35,22,20,12,42,
tt1664806,15,11,22,19,7,10,4,3,3,12,
tt2140315,6,0,1,8,4,16,17,19,17,24,
tt0935075,615,800,1771,1910,947,401,147,79,53,91,
tt1721055,12,5,4,17,17,14,12,5,8,2,
tt1403987,6,4,1,2,5,3,0,4,6,9,
tt2634414,11,3,5,5,8,24,21,31,20,18,
tt3203910,2,6,4,12,8,4,1,0,1,6,
tt1744641,4,0,2,2,1,2,2,0,1,7,
tt1583356,47,35,145,261,227,105,39,23,21,25,
tt1640548,160,126,416,816,988,738,363,213,143,257,
tt1192628,2373,3185,6757,6608,3462,1511,738,435,269,452,
tt1879032,120,63,174,318,439,361,231,134,95,131,
tt1830786,3,0,2,2,1,5,7,6,8,34,
tt1585270,0,0,0,1,0,2,1,0,1,1,
tt1708532,23,8,20,36,43,38,39,29,17,51,
tt0433035,2840,2808,6448,8328,4533,2013,870,460,322,541,
tt2145849,0,1,0,0,5,1,0,1,0,1,
tt1846487,15,19,48,67,39,24,10,4,5,14,
tt1820488,66,77,190,190,98,41,11,8,1,4,
tt1839591,41,35,54,92,112,136,59,45,25,37,
tt0803061,132,123,211,178,89,54,20,10,11,33,
tt1743711,14,0,2,0,6,9,5,3,0,5,
tt2147048,11,5,12,29,33,26,15,9,5,12,
tt1989593,76,26,47,86,77,82,62,33,35,84,
tt1719605,1,3,1,5,3,1,2,1,1,0,
tt1748179,234,225,617,1143,1263,699,393,186,113,146,
tt1930458,15,6,16,17,40,37,21,21,8,19,
tt0873886,1268,1071,2308,3072,2307,1328,755,495,304,592,
tt1470020,18,11,20,26,26,22,14,6,7,6,
tt1350546,5,1,0,1,0,2,3,2,2,9,
tt2034761,3,1,7,11,9,10,3,1,4,1,
tt1456603,2,4,10,8,12,17,7,12,8,16,
tt1403981,2685,1650,2596,2628,1280,673,380,224,175,584,
tt1493828,34,6,9,16,24,37,24,17,10,20,
tt2050604,1,2,1,1,3,1,1,0,1,2,
tt2396639,0,0,2,1,0,0,1,0,2,0,
tt2150332,23,39,105,155,112,46,17,3,3,5,
tt2246953,8,5,15,24,8,6,0,2,0,1,
tt1580426,56,46,113,199,254,145,64,39,33,35,
tt2012665,32,16,18,45,73,83,57,38,22,40,
tt1053424,671,633,1859,3424,3361,1902,872,503,337,525,
tt1723047,4,2,1,6,9,8,3,2,3,7,
tt1220634,1838,1018,1955,3220,3785,2536,1366,794,595,907,
tt1391116,5,8,8,12,15,25,14,14,5,16,
tt1977895,96,110,255,290,296,126,76,44,39,47,
tt1452599,22,4,11,17,21,37,33,30,26,62,
tt1498569,147,110,234,355,290,132,59,47,20,41,
tt1650427,0,0,0,0,3,5,2,0,2,2,
tt1467290,5,0,6,12,10,5,1,0,1,0,
tt1410051,56,42,122,306,372,244,119,48,25,60,
tt1691153,61,15,4,10,2,10,15,10,5,18,
tt1677082,39,10,24,54,50,42,24,3,3,17,
tt2053423,24,3,15,15,24,32,30,18,14,17,
tt1578267,4,1,3,9,5,6,2,5,6,19,
tt2280964,9,2,4,6,14,9,3,2,4,4,
tt1411250,1204,1008,2480,3944,2984,1538,689,309,193,272,
tt1528313,9,11,27,50,53,21,16,3,11,7,
tt1429432,9,3,11,9,10,23,7,9,6,7,
tt1436562,1688,1490,3465,5543,3420,1386,631,299,197,326,
tt1954780,24,3,3,7,8,7,10,13,19,24,
tt1669814,40,7,14,6,12,11,17,8,6,21,
tt1318514,6644,9980,20043,14033,5076,1906,781,377,255,538,
tt0850709,1,2,2,4,3,3,5,2,0,5,
tt1745958,25,5,18,22,38,66,54,52,29,34,
tt1227789,23,6,21,28,70,79,78,45,33,31,
tt2408734,1,1,1,1,0,3,0,2,2,6,
tt1421049,12,1,2,4,4,9,12,19,33,68,
tt1961485,0,0,0,0,0,0,0,0,0,1,
tt2290828,39,15,30,22,9,6,6,2,2,10,
tt1634524,13,13,19,37,15,5,8,2,1,4,
tt1629725,0,0,3,4,2,3,1,1,0,1,
tt2249221,33,22,66,108,84,43,16,6,13,31,
tt1222817,474,214,502,1047,1443,1486,867,542,397,828,
tt2061869,36,7,16,30,32,30,28,25,32,36,
tt1581839,3,1,0,0,0,5,6,11,10,32,
tt2089863,1,1,0,0,1,5,1,3,4,11,
tt2388821,1,1,0,8,4,3,5,0,0,2,
tt1562872,304,327,417,228,125,59,31,18,18,66,
tt1505109,2,0,1,0,4,3,6,2,1,2,
tt1790885,4725,6868,10903,8029,3282,1386,598,366,280,926,
tt2651916,16,5,8,3,8,9,6,1,5,4,
tt0861747,1,0,0,1,0,1,0,2,0,4,
tt1324061,5,4,4,2,4,2,1,0,1,2,
tt1534568,29,4,9,17,15,10,4,2,2,6,
tt2131698,16,8,26,35,25,13,9,3,4,3,
tt2077908,6,3,6,7,12,4,2,0,1,3,
tt2670524,
tt1742336,191,332,792,1202,691,251,100,65,40,82,
tt1240982,1185,683,1632,2662,3347,2729,1678,1035,755,826,
tt1625346,663,877,2275,3603,2786,1534,790,412,277,371,
tt1853739,783,931,2215,3020,2025,957,492,272,186,277,
tt1182350,148,128,414,885,911,436,208,108,57,80,
tt1782568,5,3,4,9,7,6,3,3,2,5,
tt1919207,2,0,0,2,0,1,0,4,1,0,
tt2495118,32,23,49,125,162,83,33,28,8,14,
tt2113822,49,29,56,81,47,24,12,3,2,16,
tt1842435,0,0,2,3,1,0,1,0,1,0,
tt1714176,20,6,7,12,13,23,28,16,14,19,
tt2178470,74,63,117,152,119,55,27,20,18,58,
tt1808691,3,3,3,3,5,8,3,0,0,7,
tt2142055,8,8,14,12,16,7,2,5,2,8,
tt2106741,12,2,14,36,34,11,4,6,4,3,
tt2013298,0,1,0,0,0,0,2,0,0,3,
tt1270798,10394,15256,25171,14827,5336,1783,697,368,254,656,
tt2190232,2,1,7,10,10,4,6,1,3,2,
tt1901040,73,52,126,197,176,95,57,44,23,58,
tt1650028,19,17,23,61,55,46,20,13,9,8,
tt1316622,69,39,125,313,416,393,207,109,86,115,
tt1772341,6322,7336,11746,7079,2379,833,279,157,98,199,
tt1754912,5,0,0,2,2,1,1,3,6,5,
tt1663956,6,1,2,2,2,2,7,12,8,17,
tt1999995,199,79,281,560,752,507,276,126,93,124,
tt0816711,3553,4925,12267,15395,8119,3362,1440,755,497,870,
tt1870529,179,88,177,296,249,136,68,33,31,144,
tt1996346,40,10,18,19,20,27,18,11,16,27,
tt2504404,8,14,17,27,10,5,4,1,1,10,
tt1562928,18,1,4,4,6,12,22,27,30,35,
tt1547090,30,4,8,7,17,20,20,26,29,73,
tt2140671,6,4,10,21,27,25,18,7,5,4,
tt1684925,20,12,65,153,193,116,65,25,22,22,
tt1872124,0,0,1,5,2,3,2,0,1,0,
tt1692504,71,49,105,188,153,78,39,19,14,22,
tt1399683,2386,3599,6453,5255,2343,1008,489,258,201,269,
tt1606392,839,1626,3829,3470,1270,373,133,64,38,100,
tt2885364,40,29,88,197,207,178,126,88,64,70,
tt1636844,34,21,21,27,19,3,3,2,1,10,
tt1795702,36,51,182,233,99,34,14,7,7,16,
tt2187195,0,0,0,0,1,1,0,0,0,1,
tt1535975,16,5,5,5,7,6,5,6,9,6,
tt1428464,0,0,0,0,0,1,0,0,0,4,
tt1584941,2,1,3,3,10,11,7,8,1,4,
tt1853643,80,52,96,218,275,227,127,56,38,60,
tt1391137,430,125,232,244,252,250,196,157,185,898,
tt2847238,0,3,1,5,4,3,2,5,1,5,
tt2297063,14,16,19,42,61,47,29,20,9,15,
tt3077150,4,7,1,1,5,1,2,1,1,2,
tt2147591,0,0,0,0,2,0,0,0,1,1,
tt1550524,125,67,93,151,74,39,20,8,10,13,
tt2334879,1309,1108,2546,4356,3795,2119,1023,600,388,873,
tt1967697,59,35,64,67,30,17,18,4,3,13,
tt1535110,19,7,8,11,17,20,20,11,11,16,
tt2092011,5,9,21,44,68,33,21,5,9,18,
tt1932767,337,445,828,646,269,132,48,24,14,37,
tt1468387,156,82,93,86,45,36,22,9,15,28,
tt1981142,2,1,0,2,0,0,2,0,0,1,
tt2154739,0,1,0,2,3,6,2,2,1,1,
tt2229511,50,38,95,152,157,90,38,23,8,19,
tt1671496,1,2,4,4,2,5,3,0,1,0,
tt1684935,6,4,6,6,3,7,1,0,1,3,
tt1183923,415,263,636,884,461,181,80,32,25,59,
tt1684233,113,54,225,490,594,329,141,57,33,47,
tt2193265,71,16,39,121,165,204,104,50,42,52,
tt1706470,9,3,6,5,9,11,11,3,4,10,
tt1714210,585,549,689,381,169,90,51,24,18,67,
tt1723121,3448,3736,8541,10834,5698,2256,920,455,489,469,
tt1242460,1151,1802,3209,2564,1122,558,241,159,112,214,
tt2302969,0,0,1,1,2,3,2,0,1,3,
tt2309021,106,127,292,529,554,393,197,87,65,86,
tt1446208,15,6,12,22,15,6,6,1,1,5,
tt1647483,17,11,18,43,45,40,30,14,18,24,
tt1808659,2,0,3,4,2,5,1,1,3,0,
tt1943869,0,0,0,1,3,1,0,0,1,0,
tt2180587,1,3,4,7,5,3,2,0,1,4,
tt1291584,8930,10289,10374,4975,1656,681,296,159,123,463,
tt1588173,2888,2765,6121,8028,4051,1692,678,352,220,379,
tt2347144,10,6,14,32,23,13,8,3,2,4,
tt0780645,20,6,9,17,28,48,71,42,20,39,
tt1688704,6,2,3,2,5,4,13,7,8,15,
tt1655460,519,430,1238,2507,3132,2170,1046,520,298,419,
tt1027718,564,491,1524,3367,3590,1898,855,402,242,388,
tt1645187,39,8,8,5,13,7,9,5,7,9,
tt0831280,115,32,56,57,35,30,12,10,14,24,
tt1296899,43,28,109,211,266,213,103,51,37,60,
tt2551492,3,6,9,8,2,2,1,1,1,1,
tt1296898,241,138,281,385,499,325,203,125,106,139,
tt1818443,6,4,4,6,3,3,2,0,1,1,
tt2055800,1,1,0,2,0,2,1,1,1,3,
tt1682187,12,3,10,16,18,7,9,3,6,10,
tt1941717,1,0,0,0,0,1,0,0,1,0,
tt1646237,0,0,0,0,0,0,0,0,0,1,
tt2170140,0,0,0,0,0,0,0,1,0,1,
tt1583251,1,1,0,0,1,2,10,0,3,1,
tt1784720,0,0,0,0,0,1,1,0,1,2,
tt2076384,0,0,1,0,0,0,0,0,0,1,
tt2896036,9,17,22,20,9,5,2,1,1,1,
tt2293138,7,0,3,10,13,13,6,3,4,6,
tt1785670,1,1,0,6,2,3,0,0,1,1,
tt2199711,304,62,35,49,32,18,11,4,14,58,
tt1440379,38,17,31,71,98,74,51,23,20,38,
tt2594078,1,0,1,0,0,0,1,0,1,0,
tt2976920,12,11,28,35,10,5,5,4,2,3,
tt2014392,9,7,20,20,19,7,2,0,2,5,
tt1407055,34,13,23,34,27,24,8,3,7,14,
tt1609168,18,16,19,18,9,7,3,2,2,5,
tt2258713,0,0,0,2,0,0,0,0,0,1,
tt1943035,1,1,1,1,1,3,1,6,3,5,
tt1711018,98,31,83,111,194,198,142,75,68,73,
tt1785669,22,5,5,10,18,27,28,45,40,68,
tt2203898,2,0,0,2,2,3,1,2,0,4,
tt1456110,0,0,0,0,1,0,0,0,0,1,
tt2658428,1,0,1,0,2,1,1,0,1,0,
tt2267542,0,0,0,0,2,0,0,0,0,1,
tt2317337,102,151,227,154,73,42,16,6,8,36,
tt2385882,5,2,11,20,23,11,2,1,4,6,
tt2261434,6,2,16,33,26,16,2,1,2,7,
tt1966637,2,0,0,2,1,2,1,0,1,2,
tt2364975,72,152,276,215,81,29,16,5,12,11,
tt2388805,5,1,0,0,3,5,3,3,1,5,
tt1534564,7,0,1,4,0,1,2,3,1,2,
tt1987021,0,0,0,0,1,3,4,2,1,1,
tt2572632,10,5,19,31,41,33,22,9,9,14,
tt1911662,67,24,57,120,209,247,194,133,69,101,
tt2146960,8,7,6,4,2,2,2,0,0,4,
tt1509641,0,0,0,0,1,0,1,0,0,1,
tt1582637,2,1,2,1,2,1,2,5,2,8,
tt2779998,0,0,2,4,1,0,2,0,2,0,
tt1545106,119,39,111,196,246,227,129,99,59,97,
tt1500906,11,6,34,55,35,26,17,18,15,14,
tt1666186,636,162,249,318,453,594,636,691,733,2216,
tt1624996,20,8,17,26,30,26,20,19,26,28,
tt2071648,35,5,5,13,16,22,21,15,23,37,
tt1691020,19,3,4,8,13,5,6,16,9,25,
tt1727885,20,10,4,16,19,47,52,47,23,42,
tt0817230,1011,696,1594,2711,3375,2585,1362,839,667,1058,
tt1235548,4,10,17,25,21,5,5,4,1,4,
tt1838560,2,0,2,4,0,1,4,3,3,1,
tt1830890,0,0,1,1,1,1,2,0,0,1,
tt1745863,1,4,6,5,6,3,1,1,1,4,
tt2084989,599,659,955,811,466,315,188,101,99,163,
tt1374992,365,304,770,1220,1175,687,370,181,112,148,
tt0914863,727,932,1899,2201,1062,456,224,128,90,222,
tt1616194,3,2,4,7,1,7,3,0,0,0,
tt1740826,42,47,54,27,2,0,0,0,1,0,
tt2113818,1,0,1,0,0,1,2,1,1,1,
tt0477080,1557,1741,4871,8005,4585,1652,673,314,194,328,
tt2273673,5,3,4,6,7,7,10,7,4,2,
tt1426325,9,1,2,2,10,12,15,12,10,19,
tt1401152,1353,1558,4646,8598,5629,2280,886,363,196,190,
tt1777034,72,49,98,137,67,29,5,1,5,13,
tt1783798,17,11,22,28,17,32,30,12,15,12,
tt1459013,19,3,17,24,64,87,82,58,36,32,
tt1734589,78,37,52,53,68,40,18,13,7,15,
tt2027265,0,3,8,6,3,6,3,1,1,3,
tt1669694,0,1,0,1,9,2,1,1,2,2,
tt2375735,0,0,0,0,0,0,0,0,0,1,
tt3019714,0,1,1,1,2,1,0,0,0,1,
tt1715881,0,0,0,0,1,0,1,1,1,1,
tt2082496,15,14,28,22,12,1,0,0,1,2,
tt2700582,0,1,1,2,0,1,3,0,0,0,
tt2357453,12,10,22,42,21,9,6,2,2,8,
tt1934458,28,9,18,44,53,51,73,38,30,34,
tt1787831,10,4,20,23,19,25,19,7,11,23,
tt1732177,0,0,0,0,1,0,0,0,0,2,
tt1744857,4,0,0,1,4,3,2,2,1,0,
tt2294929,1,0,1,0,1,2,0,1,0,1,
tt2289526,4,1,0,2,6,1,2,0,1,2,
tt1533813,3,2,5,12,10,8,4,2,1,2,
tt1671494,0,0,0,1,0,1,2,0,1,1,
tt1618447,25,19,74,95,82,37,15,11,6,8,
tt2151893,1,0,1,5,0,2,2,0,2,0,
tt2313371,0,0,0,1,3,0,0,1,0,1,
tt2231208,2,3,6,3,1,2,1,1,1,2,
tt2882328,32,33,42,17,11,5,1,3,3,11,
tt1639426,232,292,275,139,68,29,11,6,9,47,
tt1274596,135,17,5,2,4,3,3,7,20,50,
tt1650536,5,2,15,10,29,16,7,8,4,16,
tt1789091,3,1,1,3,2,2,3,1,1,0,
tt1204340,148,257,648,540,201,74,40,15,19,49,
tt1792643,7,0,2,5,7,7,3,3,2,5,
tt2150543,13,11,11,1,7,0,0,2,1,4,
tt1462058,15,2,2,0,3,4,1,3,1,7,
tt1756851,98,35,117,178,239,260,230,165,116,140,
tt1407084,285,112,245,352,438,303,177,121,83,155,
tt2636178,0,0,0,1,0,2,1,1,0,0,
tt1672185,0,0,0,0,2,0,1,0,2,1,
tt1854589,9,4,6,10,6,2,1,2,4,2,
tt2055790,0,0,0,1,0,1,1,1,2,2,
tt1860353,437,315,865,1589,1624,745,369,154,93,165,
tt1701186,1,0,1,0,1,0,1,0,0,1,
tt2914386,3,0,0,6,2,0,2,1,1,1,
tt1754795,8,16,32,42,27,6,2,1,3,3,
tt2607692,0,0,1,0,4,0,0,0,2,0,
tt0923954,12,4,2,3,3,4,7,3,2,4,
tt1529572,360,383,838,1205,719,280,126,55,48,71,
tt2421416,64,41,101,141,149,74,34,15,19,35,
tt1927172,0,1,2,2,3,5,5,2,3,12,
tt1403865,6519,10378,15766,9290,3224,1178,485,278,171,471,
tt1982882,21,9,13,25,35,49,46,30,33,39,
tt3101742,0,0,0,0,1,0,0,0,1,2,
tt1836987,29,16,43,73,81,60,22,9,15,21,
tt3083006,7,7,4,6,11,7,3,5,12,7,
tt2069100,133,10,21,14,11,13,4,5,4,34,
tt2418440,3,5,8,10,18,4,3,1,1,4,
tt1542486,1,3,3,4,2,0,2,2,0,0,
tt1336253,8,1,3,9,4,1,5,9,2,9,
tt1766175,4,5,12,18,25,28,14,12,3,9,
tt2175997,0,0,1,1,2,1,0,0,0,1,
tt1666345,0,0,0,1,1,1,0,0,0,1,
tt1059836,70,41,110,207,278,219,90,54,41,45,
tt1399103,5302,3693,7198,9875,8218,4950,2958,2001,1488,2645,
tt1270120,3,5,8,7,9,2,1,2,1,6,
tt2075363,0,0,0,0,3,0,0,0,0,1,
tt1924429,443,652,1818,2556,1579,741,343,190,126,183,
tt2167266,96,107,255,254,120,46,10,8,8,32,
tt1414378,38,26,61,108,61,36,15,8,2,11,
tt0435761,29868,23120,18774,9686,3369,1365,645,380,392,1548,
tt2319142,2,4,3,5,1,1,0,0,1,12,
tt1992258,10,11,19,56,48,33,19,14,4,10,
tt1942120,1,1,3,6,0,0,1,0,1,1,
tt1715356,1,2,8,17,4,2,1,1,2,1,
tt1451762,9,3,14,18,13,8,5,0,3,2,
tt2364949,37,21,33,89,133,138,87,35,36,33,
tt1628055,109,63,128,170,164,63,33,10,13,26,
tt1515956,0,0,0,0,0,1,0,0,0,1,
tt1386703,1142,1074,3386,6454,6240,3510,1758,855,503,742,
tt1423636,6,3,7,11,8,17,5,0,4,10,
tt2900822,20,5,19,34,74,105,79,49,21,22,
tt2734790,4,2,0,1,3,3,0,0,2,1,
tt2306978,0,0,0,0,0,0,0,1,0,1,
tt1691343,1,0,1,0,2,3,2,1,0,7,
tt2847090,0,0,2,3,2,2,1,0,1,0,
tt1838475,16,2,5,6,14,39,49,27,27,30,
tt1728217,19,2,0,7,6,9,5,3,6,8,
tt1847731,133,171,328,265,126,32,13,11,5,21,
tt2427892,23,27,73,61,31,20,12,3,5,17,
tt2200376,0,0,0,2,3,1,1,0,1,1,
tt1722484,3,1,0,3,5,2,0,0,1,0,
tt3180592,0,0,0,0,0,1,0,0,0,0,
tt1601235,2,5,1,0,1,3,1,0,0,0,
tt1787829,2,1,5,2,1,1,0,0,1,1,
tt1592534,6,1,2,7,5,5,3,1,1,1,
tt2006894,2,0,0,0,1,0,1,1,0,0,
tt3194474,1,0,1,1,1,2,3,0,1,0,
tt1179927,3,0,4,1,3,2,0,3,1,1,
tt2202607,4,3,6,6,8,2,3,1,3,4,
tt2076372,13,12,21,46,48,42,31,28,26,30,
tt1850418,56,11,27,38,32,20,11,4,6,27,
tt1859650,271,290,813,1577,1456,836,388,197,107,195,
tt2916510,0,0,2,2,1,1,1,0,1,2,
tt3342262,0,0,0,0,1,1,0,0,1,0,
tt2403981,1,1,2,0,1,1,1,2,4,3,
tt1570989,204,187,550,777,630,363,203,104,94,191,
tt1855401,587,184,291,425,387,314,243,189,180,430,
tt1680019,21,7,12,20,10,7,4,1,6,8,
tt1463208,0,0,0,0,1,2,1,1,1,1,
tt1748260,54,23,46,88,94,47,28,9,3,7,
tt2187153,53,15,28,26,26,13,7,4,7,28,
tt2041488,82,12,29,54,72,115,62,40,41,50,
tt1470173,27,10,4,6,1,4,1,0,2,1,
tt2597718,7,1,6,8,11,19,10,11,5,6,
tt1610518,14,27,68,76,40,23,7,5,6,7,
tt1981115,4692,5271,11468,12045,5748,2245,886,398,193,453,
tt0800369,7642,8416,18642,21163,10066,4059,1688,787,494,814,
tt1440345,158,173,381,517,347,203,103,51,46,115,
tt1596350,1337,1158,2722,4453,3982,2171,1092,590,390,515,
tt1510906,142,93,111,79,34,20,10,8,5,7,
tt2343793,85,70,187,276,280,172,104,71,32,60,
tt1621045,1111,523,1055,1455,1045,525,231,142,103,485,
tt1503179,0,0,1,0,0,3,1,0,2,1,
tt2268458,43,20,89,124,95,37,9,13,8,22,
tt1316616,107,65,66,86,115,92,37,22,17,39,
tt1599369,2,0,0,1,0,1,0,0,0,1,
tt1566948,2,0,2,1,1,0,0,1,0,1,
tt2160413,2,0,1,3,3,2,3,1,2,2,
tt2333804,214,200,453,556,558,324,171,93,55,111,
tt1316624,2,2,5,7,11,7,2,1,2,7,
tt1840417,497,560,1255,1879,1198,628,282,134,93,142,
tt1714208,273,228,527,653,638,339,206,115,104,207,
tt1430132,2639,2927,7588,10871,6585,2770,1075,508,242,423,
tt0780653,1020,682,1813,3424,4140,2870,1500,856,492,516,
tt0993846,13124,15952,15966,8731,3670,1620,858,599,509,1218,
tt1717724,33,19,43,31,27,20,11,7,8,3,
tt0323808,27,9,16,48,46,82,96,84,70,90,
tt0896872,283,275,691,930,431,184,74,30,27,63,
tt1498878,37,37,68,61,41,13,16,4,6,5,
tt2384688,1,0,1,3,1,3,1,0,1,0,
tt2035670,4,8,12,15,23,27,12,4,6,12,
tt1441912,597,602,996,785,322,140,51,28,28,29,
tt1298649,711,474,1421,3192,4188,2919,1531,826,487,636,
tt1369706,288,188,439,997,1494,1183,624,349,195,181,
tt1675759,20,7,5,5,12,21,16,16,14,19,
tt1606389,1620,1155,2497,4034,3161,1699,797,443,233,439,
tt1472195,49,17,44,51,64,77,49,44,44,41,
tt1684564,75,34,27,28,38,65,47,33,21,44,
tt1653700,49,25,87,156,180,114,47,23,25,46,
tt1756832,11,3,3,0,3,5,7,4,8,18,
tt1778924,33,12,29,29,30,28,18,10,12,20,
tt1673434,4416,1674,2394,2760,2633,1955,1222,922,811,3008,
tt1324999,4911,1547,2257,2492,2596,2708,1877,1495,1339,4649,
tt1735485,120,91,234,395,424,265,140,100,65,141,
tt1838520,60,38,88,167,165,103,52,37,16,28,
tt1483756,35,13,32,71,93,96,55,22,11,19,
tt1740047,204,365,900,1111,521,221,99,55,36,51,
tt0478304,4918,3028,3347,2903,1992,1488,1048,786,806,1808,
tt1533084,29,21,36,55,89,116,132,92,89,91,
tt0840361,6033,10075,17722,11325,3858,1241,472,251,179,340,
tt1243957,981,860,1974,3725,4175,2870,1430,874,577,721,
tt1758795,326,254,630,1128,1301,666,326,144,92,141,
tt1509767,718,469,1058,1739,2099,1507,865,620,366,592,
tt1831806,30,12,16,48,43,79,35,27,15,37,
tt0905372,1124,895,2355,4104,3623,1989,948,458,285,504,
tt1763316,53,24,66,101,163,165,98,59,42,216,
tt1274300,131,71,154,264,219,201,124,62,61,78,
tt1621446,24,3,17,33,56,100,95,54,43,54,
tt1308165,38,10,16,17,31,14,11,3,2,13,
tt1658837,288,210,579,838,946,679,349,248,163,208,
tt1667133,41,7,27,34,31,23,6,12,17,22,
tt0889573,703,612,1509,2957,3523,2013,780,348,238,293,
tt0857190,36,27,98,228,259,121,76,27,25,42,
tt2073121,15,14,13,38,56,25,17,4,7,21,
tt0847825,21,7,19,42,57,70,54,27,17,25,
tt1714206,1187,1672,3322,3134,1557,581,282,136,73,170,
tt1285016,13596,15534,19507,11598,4205,1688,766,412,913,1445,
tt0472181,721,244,524,979,1327,1236,764,499,399,819,
tt2017020,272,79,142,290,400,406,215,162,124,306,
tt2107835,22,12,22,17,18,8,6,7,5,10,
tt1341710,183,86,267,510,578,384,226,115,78,72,
tt1866249,567,895,1932,1894,764,250,98,59,32,92,
tt1511489,17,1,3,7,3,3,0,0,1,1,
tt0359950,2878,3548,6330,5546,2503,1129,474,228,147,321,
tt1555093,55,40,109,198,145,83,44,28,17,53,
tt2084977,72,67,177,133,54,20,4,2,4,1,
tt1673697,184,215,426,519,216,70,30,18,16,29,
tt1867093,39,27,98,216,293,243,100,49,30,48,
tt2383068,106,104,302,598,587,284,148,87,54,85,
tt1385633,9,4,24,30,18,5,5,1,0,2,
tt1017451,1016,623,1375,2379,1832,859,412,191,135,260,
tt0376136,689,504,1423,2804,3043,1796,943,436,251,307,
tt1265990,336,126,279,513,899,1201,937,630,459,557,
tt1403988,102,29,86,170,275,335,182,122,109,115,
tt2178256,34,27,69,72,32,10,8,2,7,8,
tt2063008,30,18,35,71,93,74,40,19,20,30,
tt1241329,63,23,61,88,115,57,53,23,10,14,
tt1738387,30,21,46,106,152,161,93,40,42,41,
tt2286990,54,31,82,154,165,114,51,34,14,33,
tt1093906,17,3,3,15,17,49,78,94,66,59,
tt1792543,44,14,37,69,116,117,59,41,20,32,
tt2093270,60,40,102,251,260,163,85,27,19,36,
tt1540014,6,2,3,3,1,4,7,7,8,12,
tt2635006,41,40,73,92,60,22,7,0,4,15,
tt1334102,103,58,187,324,617,569,337,190,113,117,
tt2032557,94,94,221,316,186,72,39,20,16,37,
tt1486192,660,558,1479,2828,2745,1513,707,349,172,231,
tt2381355,20,7,19,21,17,16,18,23,19,24,
tt2058107,188,218,519,662,327,124,49,8,16,41,
tt1374990,13,2,4,15,13,18,7,5,3,27,
tt1298594,50,25,53,70,85,128,83,73,59,78,
tt0817545,95,92,75,96,92,90,62,41,21,45,
tt0431021,439,316,853,1615,1936,1253,632,303,153,245,
tt1817273,2779,3913,6974,6071,2743,1229,531,252,187,332,
tt1691154,56,25,44,87,129,108,53,32,12,29,
tt2101473,69,70,153,142,85,32,10,4,6,30,
tt1659337,10117,9852,10883,5773,2393,913,498,254,184,499,
tt1334553,340,398,919,1496,930,396,176,82,48,92,
tt1650058,36,14,44,64,86,71,33,20,16,50,
tt1843202,2,0,1,8,8,10,3,5,3,2,
tt2101507,5,0,5,8,7,21,20,12,9,28,
tt1025102,19,3,3,5,5,4,3,2,2,6,
tt1496422,296,227,501,861,1008,766,475,275,180,304,
tt2040560,209,154,401,639,656,468,216,97,72,85,
tt1884457,26,10,20,48,70,103,50,34,16,23,
tt1507369,8,0,1,2,2,4,5,3,5,7,
tt1455825,0,0,0,1,1,4,3,1,1,2,
tt1386588,2913,3053,7292,10302,6947,3178,1519,790,561,712,
tt1686327,40,10,10,17,13,12,8,16,32,57,
tt1313139,82,36,131,282,349,242,92,45,34,38,
tt1520498,137,38,8,9,11,9,13,17,38,565,
tt1646981,27,9,18,24,20,15,12,9,10,5,
tt1783392,6,3,3,9,21,21,14,7,4,6,
tt1462769,622,452,1021,1540,1153,558,307,183,110,203,
tt1458175,1395,1927,4602,5228,2283,888,291,140,80,164,
tt2195490,9,1,7,11,9,5,3,0,2,3,
tt1174042,64,47,105,151,116,82,43,17,17,35,
tt1613062,194,200,303,215,110,38,20,6,4,13,
tt1204342,3326,3412,5088,4480,2003,841,401,225,150,276,
tt1407065,55,24,74,107,214,217,158,74,50,60,
tt1559036,49,21,77,127,163,90,45,28,20,24,
tt1211353,9,1,9,9,10,28,13,10,5,11,
tt1538403,1729,854,1521,1962,1868,1305,780,499,312,558,
tt1937388,26,13,27,57,38,8,9,4,3,10,
tt1560747,2606,2745,4136,3799,2353,1309,726,480,361,574,
tt1989674,4,100,102,4,2,2,0,6,6,7,
tt1839654,206,160,390,461,245,131,39,27,17,36,
tt2317225,138,133,346,601,539,300,154,67,48,69,
tt1327194,1084,597,1199,1840,1592,890,460,248,147,329,
tt1390539,32,9,17,28,27,35,23,11,10,22,
tt0480255,1130,1014,2486,4068,3336,1719,753,405,213,294,
tt1731697,397,208,421,650,735,717,534,406,311,457,
tt1695405,39,42,93,119,130,121,80,54,38,70,
tt1210819,1743,1488,3147,4811,3717,2311,1321,812,520,876,
tt1869724,3,0,1,2,4,8,4,3,1,8,
tt1764666,9,6,7,6,13,13,8,4,4,7,
tt2150511,1,1,0,2,4,13,10,3,3,6,
tt1212022,26,4,3,1,7,6,10,9,7,39,
tt2265534,160,109,213,438,514,406,239,121,73,99,
tt2081437,22,13,46,88,155,76,36,24,11,25,
tt1899324,59,5,7,13,11,29,41,48,47,58,
tt2056740,15,7,13,18,17,15,5,4,5,4,
tt2296935,8,0,2,6,7,9,4,3,1,8,
tt1059887,49,10,27,35,49,68,66,40,44,67,
tt1247400,13,0,1,9,4,10,7,21,24,37,
tt2450440,25,7,15,33,43,36,20,11,8,14,
tt1274273,11,4,4,12,7,11,19,18,23,33,
tt1605803,41,13,37,35,59,51,21,5,5,11,
tt1802197,84,62,119,168,80,40,21,9,8,15,
tt1877797,2,0,0,2,2,9,13,4,4,13,
tt1038685,28,3,8,13,29,54,51,94,86,141,
tt1270296,36,32,74,147,169,94,49,33,19,20,
tt0954947,276,227,660,1094,1055,621,325,187,130,214,
tt0842926,1474,2344,5618,6469,3184,1257,609,340,276,535,
tt2020110,8,1,6,18,16,12,5,6,2,5,
tt1155076,1821,1182,2551,3962,3557,1882,940,559,517,1643,
tt2444092,39,24,16,7,5,12,16,12,8,17,
tt1737256,3,3,3,3,2,2,4,8,6,6,
tt1700845,42,53,141,256,237,124,60,24,14,39,
tt2234155,974,942,2610,5212,4727,2304,1054,477,267,460,
tt1594562,337,297,775,1242,1239,1006,610,374,280,345,
tt1124035,1390,2812,8256,9977,4546,1538,623,266,214,430,
tt2543336,19,7,11,29,40,21,12,10,3,10,
tt1951261,889,582,1754,4020,5201,3515,1741,949,579,760,
tt1411697,2938,2511,6104,11022,10671,5987,3115,1704,1074,1547,
tt1694020,293,186,657,1442,1862,1275,544,252,168,238,
tt1540133,602,980,2292,1923,811,286,114,53,42,69,
tt1601913,2603,3093,6630,8154,5157,2488,1283,675,471,748,
tt1507564,8,5,6,14,12,13,14,9,2,9,
tt1127883,24,13,22,56,46,25,11,10,6,7,
tt1079360,23,10,13,30,39,63,37,30,19,25,
tt1174693,90,39,64,74,77,52,33,22,9,17,
tt1390535,198,94,236,358,414,325,200,130,88,139,
tt2404311,500,411,1258,2653,2571,1390,683,295,177,206,
tt1600207,17,12,17,18,30,23,10,9,6,10,
tt1738366,13,13,27,33,24,9,5,3,3,3,
tt1646980,165,117,345,813,1045,561,274,127,65,62,
tt1475549,75,36,12,13,3,6,8,6,4,21,
tt0995845,23,13,16,28,65,108,85,56,39,44,
tt1381404,199,217,611,1099,983,384,153,68,61,164,
tt1345772,62,25,63,159,187,153,83,43,30,55,
tt0980970,1550,1033,2357,3873,3379,1736,737,311,191,356,
tt1790886,865,801,2578,5517,6343,3382,1433,669,346,458,
tt1327773,1732,1507,2685,3073,1761,736,400,286,224,815,
tt1536536,20,3,8,17,16,32,23,21,16,27,
tt1194173,1866,2181,6179,9641,6295,2531,975,474,247,462,
tt1037705,4105,4426,8382,10083,5551,2329,1126,549,378,690,
tt0816442,1400,1442,2439,1652,814,346,154,82,34,106,
tt1931435,207,148,354,731,967,810,393,267,185,303,
tt2083355,686,343,552,594,344,160,76,47,29,153,
tt1404830,35,9,14,26,39,32,18,14,13,27,
tt1687901,274,307,939,1694,1380,586,221,102,47,98,
tt1645080,426,369,771,1301,919,535,265,128,69,152,
tt1924394,35,69,230,314,148,57,26,13,6,24,
tt1606180,183,123,239,319,147,101,30,18,11,36,
tt1580704,10,13,23,28,23,6,5,2,4,12,
tt1932718,147,140,434,801,636,268,114,44,42,78,
tt2112287,30,19,64,137,173,81,47,30,14,17,
tt1573483,6,2,3,15,9,25,22,17,11,27,
tt1389127,108,73,173,404,487,393,171,90,66,66,
tt1572315,481,176,384,695,1050,1208,903,740,511,792,
tt1390424,2,0,3,0,4,0,2,1,0,3,
tt2407380,9,20,30,48,29,19,6,2,2,12,
tt1444252,12,2,8,14,26,39,48,49,44,30,
tt2640674,8,1,0,2,3,5,6,5,12,13,
tt1687281,166,143,412,704,437,212,100,47,22,50,
tt1641410,11,20,27,43,21,13,8,1,2,7,
tt2354407,11,5,11,17,25,30,25,15,10,21,
tt2130242,19,9,25,31,39,21,15,11,8,14,
tt1797504,54,23,34,42,30,23,9,5,9,13,
tt2070862,362,134,248,297,303,288,202,163,182,720,
tt1572311,30,3,6,12,21,28,30,30,64,176,
tt1729226,44,55,130,160,64,15,14,2,3,3,
tt1637725,6120,6239,13067,14655,8534,3898,1870,1017,682,1301,
tt1922736,6,2,23,16,8,3,2,1,1,1,
tt1571219,0,1,0,0,1,1,0,1,2,2,
tt1705952,69,44,58,92,88,108,78,60,56,181,
tt1735900,2,3,11,10,6,5,4,0,0,3,
tt2370034,2,1,3,2,7,2,3,1,1,19,
tt1422032,122,168,314,221,91,30,20,9,8,16,
tt1486190,73,64,201,393,368,197,82,42,23,43,
tt3054776,1,1,1,2,9,5,1,1,5,3,
tt1787988,103,116,212,230,131,58,23,20,25,52,
tt1135084,720,380,941,1697,1876,1096,565,312,191,446,
tt1397280,1447,1010,2711,5960,6346,3372,1550,744,410,515,
tt1592281,288,357,819,1101,789,449,258,131,87,136,
tt1675192,1503,2045,3329,2388,931,415,189,117,74,95,
tt0810922,844,575,1564,2792,2415,1186,585,265,189,218,
tt2296404,27,17,35,68,81,42,19,11,12,13,
tt1609483,0,1,0,0,1,1,0,0,1,2,
tt1754568,2,0,0,2,2,2,2,1,0,1,
tt1458915,56,11,40,80,111,147,94,66,53,55,
tt2153963,35,48,95,71,41,22,16,6,7,16,
tt2451640,0,0,1,0,1,1,1,1,0,0,
tt2554270,51,20,81,113,85,39,16,10,5,12,
tt1601227,3,3,7,4,7,6,3,0,1,2,
tt2007993,72,104,174,126,68,22,13,7,2,12,
tt0762138,60,44,89,168,237,185,104,65,46,57,
tt1270277,59,27,57,92,78,78,31,27,11,21,
tt1825974,1,0,1,1,2,3,2,0,1,2,
tt1401636,1,5,14,21,13,3,3,3,4,7,
tt2416376,6,3,1,5,2,0,1,0,2,6,
tt1592576,8,4,13,42,43,63,19,13,10,10,
tt2298416,3,3,7,9,4,1,4,1,1,1,
tt0485521,0,0,0,1,4,3,0,0,0,0,
tt1606339,99,65,123,187,180,121,52,25,20,38,
tt1594555,5,1,1,0,2,2,1,0,0,2,
tt1600683,1,0,0,1,0,0,1,0,1,1,
tt1609158,0,0,0,0,1,0,2,2,1,0,
tt2084102,0,0,0,0,1,0,0,0,0,1,
tt1723642,2,2,4,11,8,12,2,6,1,7,
tt1283546,10,1,0,2,2,6,4,5,13,13,
tt1849111,0,0,2,3,3,6,4,3,2,3,
tt1832516,40,2,12,12,13,16,25,33,39,64,
tt1734586,57,8,5,4,1,8,9,4,7,18,
tt1698008,25,6,8,8,13,22,28,57,72,99,
tt2237158,0,0,0,0,0,0,0,0,1,0,
tt1650062,5561,7305,14001,13480,6389,2702,1172,615,452,633,
tt2481198,10,5,14,26,23,8,11,2,3,19,
tt1695991,13,14,16,5,6,0,3,1,2,2,
tt1517249,39,13,29,84,108,83,41,17,18,30,
tt2184287,27,10,21,46,60,62,30,19,12,19,
tt1529336,0,1,1,1,1,0,0,0,1,0,
tt1615075,376,173,80,48,19,11,29,37,52,166,
tt1569505,0,0,0,1,1,1,2,0,1,0,
tt1602572,25,15,34,33,9,14,4,3,2,3,
tt2342317,0,0,1,1,3,1,2,0,0,2,
tt2167895,3,2,7,1,2,1,1,1,1,0,
tt0978764,3533,2401,4463,5569,4992,3443,2326,1615,1188,1885,
tt1322385,35,46,89,65,28,16,2,2,2,7,
tt1440292,750,1039,2102,2014,956,393,160,68,51,93,
tt3142958,2,2,4,6,1,3,0,2,5,6,
tt2172071,23,12,20,29,48,52,23,17,18,45,
tt2205697,827,859,1661,1624,764,313,128,53,42,98,
tt1791614,329,149,303,412,385,225,124,57,33,90,
tt1702009,10,6,7,12,20,24,29,60,40,86,
tt1447972,34,25,48,71,64,59,28,17,15,39,
tt1637656,0,0,0,0,4,3,3,1,4,2,
tt1712573,76,67,82,88,54,14,13,6,7,12,
tt2024506,51,27,72,127,195,137,64,43,16,28,
tt1864494,9,5,3,5,18,26,31,30,24,28,
tt3020226,16,3,16,30,21,5,5,0,3,4,
tt1986953,34,14,39,89,178,223,171,109,66,98,
tt1423995,234,149,386,764,1284,1127,562,309,171,227,
tt1682180,760,994,2142,2603,1732,830,365,212,162,278,
tt2380207,3,5,5,11,7,3,1,0,2,0,
tt2395417,15,18,25,15,14,4,1,1,2,6,
tt1800741,553,237,449,641,552,370,256,137,92,323,
tt1773058,5,3,7,14,16,19,8,1,2,4,
tt2171875,2,1,2,6,9,4,1,0,2,6,
tt2234032,10,3,9,15,21,19,8,3,2,6,
tt2589092,0,0,0,2,0,1,0,0,2,0,
tt2337993,0,0,2,0,3,3,1,0,0,0,
tt1881060,27,11,23,53,54,74,27,18,17,14,
tt1919090,21,5,26,23,33,79,60,33,23,31,
tt2085930,97,56,123,233,280,171,94,59,41,60,
tt2166143,1,0,1,1,3,4,4,2,1,2,
tt2567712,143,217,560,374,157,58,16,17,7,32,
tt2035630,88,104,206,301,190,66,33,22,13,24,
tt1756750,70,126,280,271,110,58,17,8,3,18,
tt1408101,11173,14514,18285,10348,3971,1532,699,396,313,661,
tt1907761,38,31,36,36,16,6,2,2,4,11,
tt2405372,11,5,16,20,10,10,2,1,1,2,
tt1966566,79,44,86,130,137,118,66,43,44,95,
tt1464580,438,473,1232,1747,1158,459,227,120,81,156,
tt1821617,2,2,5,3,6,17,13,9,10,14,
tt1937339,91,77,96,64,22,13,7,1,4,6,
tt2101441,1389,974,1856,2302,2256,1906,1431,1177,986,2068,
tt1931544,0,0,0,1,2,0,1,1,2,1,
tt1827579,9,2,9,8,11,12,8,5,1,10,
tt1822311,19,21,20,20,16,7,4,3,1,4,
tt2234429,593,873,400,49,57,64,62,28,39,62,
tt1876451,218,93,192,233,272,246,109,83,46,141,
tt2328745,23,11,7,18,20,17,23,15,16,23,
tt1477109,85,50,89,113,83,53,29,11,13,19,
tt2359652,0,0,0,0,1,2,2,1,0,1,
tt0945513,3417,5970,14178,12538,4910,1638,599,271,176,313,
tt1748207,233,294,667,832,528,234,115,57,35,61,
tt1259227,7,1,2,3,2,4,7,5,3,12,
tt1596346,1504,816,1376,1721,966,470,217,133,95,208,
tt1585272,2,1,2,2,5,2,1,1,1,6,
tt1651916,0,0,0,0,1,0,2,0,0,1,
tt2408026,1,1,0,1,0,0,2,1,1,1,
tt2178508,9,3,7,10,17,26,29,20,26,67,
tt1144815,10,5,5,6,8,19,25,15,18,13,
tt1695993,0,0,0,0,0,0,1,0,0,1,
tt1608334,0,0,2,5,2,1,3,1,2,2,
tt1421051,435,393,826,1157,1047,585,353,237,184,275,
tt0491152,925,536,1023,1556,1714,1229,681,436,318,451,
tt2082429,1,0,0,1,2,3,2,0,1,2,
tt1703125,29,26,45,58,84,39,38,21,11,18,
tt2014346,29,25,41,101,100,82,38,20,17,23,
tt2231138,12,20,32,31,34,35,10,10,6,17,
tt1568341,81,60,171,204,175,93,41,17,12,28,
tt3026824,11,7,18,25,11,6,4,3,3,2,
tt2374196,3,2,3,13,18,31,17,10,13,5,
tt3066270,3,3,2,3,8,3,0,0,2,4,
tt1678051,25,6,27,66,99,123,145,79,68,105,
tt1766094,142,30,76,126,148,180,128,80,60,274,
tt2081367,32,2,6,11,5,12,15,6,5,9,
tt1674727,0,0,0,0,0,0,0,0,0,1,
tt1706620,1826,2889,5184,5001,2621,1255,662,393,241,402,
tt1373406,29,16,13,20,21,17,7,4,6,10,
tt1522296,8,11,17,20,28,16,9,5,2,5,
tt2149137,7,1,0,2,2,11,11,19,26,59,
tt1541995,85,49,112,107,154,98,62,40,27,32,
tt1571243,53,20,38,69,143,162,69,41,27,49,
tt2924590,4,8,3,11,16,7,7,2,2,3,
tt1531914,20,5,10,5,14,13,10,1,8,15,
tt2063781,179,194,529,865,477,186,54,30,14,29,
tt1063111,34,3,30,45,67,47,23,16,6,16,
tt1429392,29,22,60,107,102,71,32,21,11,23,
tt1272886,72,55,109,180,175,99,53,39,23,37,
tt1227931,13,5,11,17,32,51,38,24,12,27,
tt1588398,180,125,278,493,652,652,416,280,194,282,
tt1564585,464,252,593,1061,1518,1805,1780,1529,1320,1926,
tt1074638,9535,14067,19306,11683,4342,1667,728,415,251,653,
tt2881698,27,15,26,49,69,87,37,33,26,30,
tt1808477,24,19,29,40,40,46,51,38,38,71,
tt1658820,12,5,8,13,10,22,14,5,6,20,
tt1425933,15,13,28,30,15,0,9,4,4,7,
tt1754506,8,1,9,15,23,34,45,15,12,18,
tt1312254,101,36,93,124,163,128,64,36,23,46,
tt1548635,14,4,5,16,23,35,65,53,45,45,
tt1167675,26,7,39,116,152,103,63,35,28,40,
tt2182241,6,1,0,1,1,2,5,7,9,16,
tt1922777,1598,1717,3916,5169,3295,1508,657,339,238,323,
tt1948150,42,37,73,92,64,35,32,15,12,31,
tt1655607,9,5,4,9,17,2,2,2,4,11,
tt2309600,2,1,7,5,9,2,4,2,2,9,
tt1535492,25,17,31,53,37,19,11,2,1,1,
tt1639075,4,0,4,12,4,2,0,2,1,2,
tt1790834,66,35,87,115,117,63,38,23,16,24,
tt1865503,7,5,11,7,7,11,6,2,6,12,
tt2168288,4,2,1,9,7,3,2,0,2,3,
tt2347497,80,48,113,185,269,291,183,112,70,84,
tt1767382,215,133,369,773,1007,1030,623,381,274,341,
tt1773047,0,0,0,0,0,0,0,0,0,1,
tt2023690,58,93,305,431,350,189,85,46,34,58,
tt2932606,4,14,22,16,7,4,1,0,1,2,
tt1829735,9,1,4,11,7,11,19,22,13,12,
tt2004350,1,0,0,2,0,0,1,0,0,1,
tt1671482,3,0,1,0,1,0,1,0,1,2,
tt2204340,20,12,25,40,53,29,13,8,9,8,
tt1130884,13512,19163,27029,16738,6918,2796,1342,792,572,1121,
tt3138596,8,5,3,6,4,2,1,1,2,0,
tt1488594,58,49,83,73,55,34,11,3,5,10,
tt2988272,8,11,23,39,39,30,16,10,9,20,
tt1693110,11,3,3,1,2,4,1,1,16,37,
tt1294212,5,1,2,6,4,8,4,2,5,17,
tt2636806,3,1,3,6,0,3,2,0,2,0,
tt1515091,4865,5943,11628,9525,4161,1683,668,312,170,393,
tt2088893,1,4,4,12,4,4,2,2,1,5,
tt0815236,1490,1375,3299,5813,4253,1916,809,383,224,347,
tt1727360,405,819,592,17,33,27,20,7,13,38,
tt2190397,1,0,1,0,1,1,2,0,0,1,
tt2292182,13,3,5,5,8,24,17,38,49,70,
tt1633356,211,73,135,282,442,653,652,583,427,514,
tt1320296,23,6,12,11,20,28,33,32,29,38,
tt2070597,40,25,44,74,58,52,17,8,4,8,
tt1836912,18,23,49,55,27,6,5,2,8,15,
tt1770734,23,36,149,266,280,145,60,25,20,36,
tt1261945,708,241,419,678,777,960,851,701,778,2070,
tt1699147,152,97,147,151,169,92,50,33,30,47,
tt2112258,0,0,0,0,0,0,0,1,1,2,
tt1763280,34,11,26,33,35,28,15,9,11,14,
tt2637994,0,0,0,0,2,1,2,0,1,0,
tt1941645,0,0,0,0,1,0,1,5,5,7,
tt1590796,33,9,27,48,52,30,17,8,11,15,
tt2273537,0,0,0,0,1,2,0,0,1,1,
tt1296077,7,8,19,25,22,5,1,4,4,4,
tt3397026,6,0,0,1,0,0,1,0,0,3,
tt2737018,26,3,5,1,1,2,1,1,2,9,
tt2235723,0,0,0,0,0,0,0,0,0,1,
tt1798085,1,1,1,3,1,3,1,0,0,0,
tt1307068,1079,1273,2906,4127,2741,1260,522,234,144,198,
tt1214962,176,129,397,924,1072,533,227,119,65,108,
tt1073246,7,2,5,19,17,37,23,7,9,18,
tt2520394,10,4,5,2,5,0,1,1,1,2,
tt1954811,14,12,29,37,64,81,32,20,22,10,
tt1028576,909,840,1595,1798,908,321,144,75,49,90,
tt1601475,72,48,108,168,219,142,82,28,30,37,
tt3265404,6,1,0,1,3,1,0,1,2,1,
tt1548629,4,2,5,8,2,3,3,0,2,2,
tt1456939,20,17,16,15,10,7,5,3,3,5,
tt1513892,2,2,2,4,5,5,3,3,0,3,
tt1262416,2807,1595,3347,4253,3584,2070,1045,599,394,762,
tt0446029,11001,9378,12045,7764,3774,1837,1013,644,486,1266,
tt1493825,5,2,0,1,0,1,1,0,3,0,
tt2293750,18,4,14,22,32,34,35,32,17,24,
tt1592876,12,1,5,3,4,5,3,3,5,5,
tt1327809,0,0,0,0,1,1,0,0,0,2,
tt1821597,1,0,5,3,5,3,1,0,0,0,
tt1454542,6,0,1,1,0,1,1,2,5,11,
tt2107814,10,5,10,14,13,5,5,4,4,4,
tt1978524,8,8,12,22,28,16,3,7,2,8,
tt1988776,0,0,1,0,0,0,1,0,2,5,
tt1822304,6,2,1,5,4,5,3,0,1,4,
tt2082417,0,0,1,0,1,2,0,0,0,1,
tt2671980,0,0,0,1,2,1,2,0,1,1,
tt1740726,0,0,0,0,1,0,0,0,0,1,
tt2012011,117,103,270,437,302,150,63,37,19,37,
tt0795461,260,67,121,213,395,551,706,753,691,1303,
tt1647477,16,18,29,54,41,33,18,14,7,17,
tt1797487,45,8,19,19,36,30,20,7,7,15,
tt1615065,1009,1031,2678,4299,3477,1787,926,495,328,527,
tt2002781,2,0,0,2,0,2,0,0,0,1,
tt2275802,11,2,18,23,28,24,9,13,8,15,
tt1822302,56,31,73,121,99,67,24,24,8,16,
tt2384328,3,2,8,11,12,8,3,1,3,3,
tt1594534,5,1,5,15,6,5,3,0,0,3,
tt2449810,23,4,10,22,26,51,29,19,19,30,
tt1539325,0,2,3,11,2,2,1,0,3,0,
tt0881320,274,229,575,1088,1450,996,521,336,208,291,
tt1533749,219,161,375,521,291,143,59,28,22,79,
tt1905010,14,4,11,24,27,19,8,5,3,6,
tt2231495,0,0,0,0,2,1,0,0,0,1,
tt1230204,62,20,33,76,95,58,30,8,15,29,
tt1971514,8,5,5,11,13,5,7,2,4,4,
tt1251743,42,19,39,106,124,137,62,50,23,47,
tt0944835,2068,2158,5491,9696,7604,3531,1668,838,540,898,
tt3112900,21,4,7,7,6,2,4,1,3,11,
tt1794943,16,1,5,8,12,12,11,13,9,15,
tt2981768,20,19,49,51,19,19,2,4,1,10,
tt2082415,44,25,50,107,124,88,35,19,12,24,
tt2224902,0,0,0,2,2,1,3,3,3,2,
tt1862079,1823,2873,6168,6468,2810,962,357,167,87,172,
tt1656190,535,446,1406,2714,2187,884,345,115,63,139,
tt1599348,1314,1646,4540,8044,4646,1873,656,277,139,317,
tt1702439,1060,731,1439,2147,1633,868,464,257,161,289,
tt1844025,18,0,5,7,10,19,23,22,19,16,
tt1630564,20,5,13,28,33,61,64,38,32,33,
tt2250234,38,14,24,32,52,42,37,17,17,22,
tt1939739,0,0,0,0,0,0,0,0,1,1,
tt1617178,4,3,8,7,3,4,1,0,1,2,
tt2043979,13,10,19,10,4,4,2,1,2,5,
tt1941632,0,0,0,1,0,0,0,1,0,1,
tt1639093,3,2,4,1,7,5,3,1,2,2,
tt1536437,618,291,114,65,46,34,26,19,11,18,
tt1979320,2933,5417,7714,4199,1345,451,192,114,76,298,
tt1979319,142,120,228,165,60,24,14,7,3,10,
tt2364841,138,131,344,1046,1699,1309,604,297,150,227,
tt1790819,1,0,0,0,1,2,0,0,1,1,
tt1833781,0,0,1,0,1,1,2,2,2,1,
tt2391746,0,0,0,1,0,3,1,0,1,1,
tt2418558,29,8,26,30,41,22,12,10,9,17,
tt1612774,417,317,685,937,911,609,432,297,306,463,
tt1802810,6,1,6,10,13,5,4,1,3,3,
tt3042946,0,0,1,2,1,2,0,0,1,0,
tt1528312,7,2,13,32,30,15,6,4,1,17,
tt2342287,4,5,3,0,2,1,2,0,1,0,
tt1840388,29,11,35,51,81,105,88,72,43,56,
tt1590970,1,0,3,4,0,1,2,0,0,1,
tt1830792,27,41,68,61,22,13,7,2,4,7,
tt1587263,3,6,9,11,10,7,2,4,4,8,
tt1634300,17,12,19,28,31,27,20,16,19,7,
tt2524568,4,2,1,7,2,1,1,0,7,44,
tt1336608,1054,728,1428,2000,1924,1444,989,660,473,884,
tt1754438,8,0,1,6,15,12,22,28,20,27,
tt0955308,1881,2095,5285,8352,5951,2883,1295,651,384,682,
tt2363363,2,0,0,0,0,0,0,1,0,1,
tt1653929,7,1,0,0,2,2,0,1,0,1,
