+1;2013;tt2395385;223482;4763;5.5;0;0;2;1;1;0;0;0;0;0;0;0;0;0;0;1;1;0;0;0;0;1;0;0;0;0;0;0;0;0;
10.000 noches en ninguna parte;2013;tt1680303;180382;121;7.2;0;0;0;0;1;0;0;0;0;0;0;0;0;0;0;0;0;0;0;0;0;0;0;0;0;0;0;0;0;0;
100 Degrees Below Zero;2013;tt2538128;221267;1223;2.4;0;0;0;0;1;1;0;0;0;0;0;0;0;0;0;0;0;0;0;0;0;0;0;0;0;0;0;0;0;0;
100% cachemire;2013;tt2319018;203587;281;4.7;12;35;51;58;43;49;0;0;0;1;0;0;0;0;0;0;0;0;0;0;0;0;0;0;0;0;0;0;0;0;
11.6;2013;tt2655788;209859;1234;5.8;7;55;100;98;36;13;0;0;0;0;0;0;0;0;0;0;0;0;0;0;0;0;0;0;0;0;0;0;0;0;
12 ans d'âge;2013;tt2979414;214609;69;4.9;1;11;19;25;9;2;0;0;0;0;0;0;0;0;0;0;0;0;0;0;0;0;0;0;0;0;0;0;0;0;
12 Years a Slave;2013;tt2024544;196885;324128;8.1;363;621;262;120;54;38;1;13;3;3;0;1;61;42;15;4;1;2;8;22;6;4;1;2;8;12;7;1;0;0;
15 años y un día;2013;tt2368525;204610;497;5.9;0;1;0;0;0;0;0;0;1;2;1;0;0;0;0;0;0;0;0;0;0;0;0;0;0;0;0;0;0;0;
16 ans ou presque;2013;tt2947742;212754;299;5.1;18;31;72;47;31;18;0;0;0;0;0;0;0;0;0;0;0;0;0;0;0;0;0;0;0;0;0;0;0;0;
1982;2013;tt2388621;223613;65;8.1;0;0;1;0;0;0;0;0;0;0;0;0;0;0;0;0;0;0;0;0;0;0;0;0;0;0;0;0;0;0;
2 automnes 3 hivers;2013;tt2871116;220994;278;6.6;19;27;15;8;8;2;0;0;0;0;0;0;0;0;0;0;0;0;0;0;1;0;0;0;0;0;0;0;0;0;
2 Guns;2013;tt1272878;189472;132703;6.8;8;51;136;71;12;5;0;1;8;0;1;0;3;6;8;4;0;0;0;1;5;3;0;1;0;1;5;0;0;0;
20 ans d'écart;2013;tt2186812;209732;4372;6.4;90;407;371;122;36;19;0;2;1;0;0;0;0;1;0;0;0;0;0;0;0;0;0;0;0;0;1;1;0;0;
21 & Over;2013;tt1711425;194474;51897;5.9;2;6;10;11;4;6;0;0;0;0;0;0;5;7;8;1;2;1;0;0;3;2;1;0;0;1;2;2;0;0;
Devil's Knot;2013;tt0804463;203064;9305;6.0;2;2;11;10;0;0;0;0;0;0;0;0;0;2;0;0;0;0;0;1;0;0;0;0;0;0;0;0;0;0;
3096 Tage;2013;tt1667355;182270;3750;6.3;0;4;2;0;0;0;0;0;0;0;0;0;0;0;0;0;0;0;0;2;2;0;0;0;0;0;0;0;0;0;
3x3D;2013;tt2693702;218367;222;5.8;0;0;2;0;0;0;0;0;0;0;0;0;0;0;0;0;0;0;0;0;0;0;0;0;0;0;0;0;0;0;
Les 4 soldats;2013;tt3053378;194689;95;5.9;0;0;0;2;0;0;0;0;0;0;0;0;0;0;0;0;0;0;0;0;0;0;0;0;0;0;0;0;0;0;
42;2013;tt0453562;135624;58040;7.5;9;16;23;2;0;0;0;0;0;0;0;0;5;4;1;0;0;0;2;0;1;0;0;0;0;0;0;0;0;0;
45 Minutes to Ramallah;2013;tt1562848;201776;126;5.7;0;0;0;0;0;0;0;0;0;0;0;0;0;0;0;0;0;0;0;1;0;0;0;0;0;0;0;0;0;0;
47 Ronin;2013;tt1335975;141505;99349;6.3;34;112;166;114;67;19;0;4;6;1;0;1;16;23;27;13;7;1;1;3;6;7;1;3;4;8;10;7;4;1;
Five Dances;2013;tt2186781;221375;1235;7.1;2;4;1;1;1;0;0;0;0;0;0;0;0;0;0;0;0;0;0;0;0;0;0;0;0;0;0;0;0;0;
9 mois ferme;2013;tt2853614;213856;2690;6.5;159;570;335;118;68;30;0;0;2;0;0;0;1;0;1;1;0;0;0;0;0;0;0;0;0;0;0;0;0;0;
Han Gong-ju;2013;tt3265462;225427;431;7.6;1;8;5;0;0;0;0;0;0;0;0;0;0;0;0;0;0;0;0;0;0;0;0;0;0;0;0;0;0;0;
A Teacher;2013;tt2201548;208833;1879;4.9;0;0;0;0;0;1;0;0;0;0;0;0;0;0;0;0;0;0;0;0;0;0;0;0;0;0;0;0;0;0;
The Look of Love;2013;tt1951216;203726;4475;6.0;3;9;20;21;6;1;0;0;1;0;0;0;0;0;0;0;0;0;0;2;2;0;0;0;0;0;0;0;0;0;
A.C.O.D.;2013;tt1311060;196863;8537;5.7;0;1;3;7;0;1;1;0;1;0;0;0;0;0;0;1;0;0;0;0;0;0;0;0;0;0;0;0;0;0;
Abner, the Invisible Dog;2013;tt2511022;224663;71;4.5;0;0;0;0;1;0;0;0;0;0;0;0;0;0;0;0;0;0;0;0;0;0;0;0;0;0;0;0;0;0;
Abus de faiblesse;2013;tt2418372;201599;399;5.8;4;10;12;13;7;3;0;0;0;0;0;0;0;1;0;0;0;0;0;0;0;0;0;0;0;0;0;0;0;0;
Truth or Dare;2013;tt2125681;209307;10;5.4;4;18;35;21;4;1;0;0;0;0;0;0;0;0;0;0;0;0;0;0;0;0;0;0;0;0;0;0;0;0;
Adieu Paris;2013;tt2094990;218405;96;6.1;0;1;1;1;0;0;0;0;0;0;0;0;0;0;0;0;0;0;0;0;0;0;0;0;0;0;0;0;0;0;
Admission;2013;tt1814621;189444;24997;5.7;0;0;0;0;0;0;0;0;0;0;0;0;0;0;0;0;0;0;0;1;0;0;0;0;0;0;0;1;0;0;
Adult World;2013;tt1067765;203394;8937;6.1;0;0;2;0;0;0;0;0;1;0;0;0;0;0;0;0;0;0;0;0;0;0;0;0;0;0;0;0;0;0;
Afflicted;2013;tt2309961;224493;11825;6.3;0;0;0;0;0;0;0;0;0;0;0;0;1;0;0;0;1;0;0;1;0;0;0;0;0;0;0;0;0;0;
Afternoon Delight;2013;tt2312890;216294;5907;5.8;0;2;3;6;0;0;0;0;0;0;0;0;0;0;0;0;0;0;0;0;0;0;0;0;0;0;0;0;0;0;
Afterparty;2013;tt2144007;202955;392;3.8;0;0;0;0;0;0;0;0;0;0;0;0;0;0;0;0;0;0;0;0;0;1;0;0;0;0;0;0;1;0;
Age of Dinosaurs;2013;tt2518926;221596;1341;2.9;0;0;1;2;8;3;0;0;0;0;0;0;0;0;0;0;0;0;0;0;0;0;0;0;0;0;0;0;0;0;
W imie...;2013;tt2650642;218035;1301;6.5;0;7;8;1;2;2;0;0;1;0;0;0;0;0;0;0;0;0;1;0;0;0;0;0;0;0;0;0;0;0;
Alan Partridge: Alpha Papa;2013;tt0469021;216932;20376;7.0;0;0;1;2;1;0;0;0;1;0;0;0;0;0;0;0;0;0;0;0;0;0;0;0;0;0;0;0;0;0;
Space Pirate Captain Harlock;2013;tt2668134;192934;6081;6.5;95;181;154;121;55;35;0;0;0;0;0;0;0;0;0;0;0;0;0;1;1;0;0;0;0;0;0;0;0;0;
Stranded;2013;tt2268573;218528;2914;3.4;0;1;1;4;5;15;0;0;0;0;0;0;0;0;1;0;9;4;0;0;0;0;1;4;0;0;0;0;0;0;
Enough Said;2013;tt2390361;223008;42046;7.1;2;12;34;6;2;0;0;0;6;0;1;0;3;6;6;0;0;0;0;0;3;0;0;0;0;2;0;0;0;0;
All Cheerleaders Die;2013;tt2527186;223741;4172;5.2;0;2;4;4;1;0;0;0;0;0;0;0;0;0;0;0;0;0;0;3;2;0;0;0;0;0;0;0;0;0;
All Is Bright;2013;tt1462901;223547;3830;5.6;0;0;0;0;1;0;0;0;0;1;0;0;0;0;0;0;0;0;0;0;1;0;0;0;0;0;0;0;0;0;
All Is Lost;2013;tt2017038;200956;49554;6.9;17;76;78;42;22;18;0;0;4;0;1;0;3;2;10;2;2;1;1;5;5;0;2;0;0;3;3;2;0;0;
Almost Human;2013;tt2325517;223024;1773;4.7;0;0;1;2;2;2;0;0;0;0;1;0;0;0;0;0;0;0;0;0;2;0;0;0;0;0;0;0;0;0;
Alpha;2013;tt2121250;200647;63;5.9;0;0;0;0;0;0;0;1;3;0;0;0;0;0;0;0;0;0;0;0;0;0;0;0;0;0;0;0;0;0;
Am Hang;2013;tt2922690;206013;64;5.6;0;0;0;0;0;1;0;0;0;0;0;0;0;0;0;0;0;0;0;0;0;0;0;0;0;0;0;0;0;0;
Ain't Them Bodies Saints;2013;tt2388637;206994;13105;6.4;3;20;34;32;12;3;0;0;1;0;0;0;0;0;0;0;0;0;0;4;1;0;0;0;0;0;1;1;0;0;
Cheatin';2013;tt2361846;226095;217;7.3;0;8;3;0;2;0;0;0;0;0;0;0;0;0;0;0;0;0;0;0;0;0;0;0;0;0;0;0;0;0;
Amazonia;2013;tt1240899;213875;475;6.4;19;28;38;17;7;6;0;0;0;0;0;0;1;2;1;0;0;0;0;1;0;0;0;0;0;0;0;0;0;0;
American Hustle;2013;tt1800241;205330;298274;7.3;28;197;278;173;60;29;1;9;16;8;1;5;15;31;27;22;9;2;5;14;13;7;5;5;2;5;5;6;0;1;
The Purge;2013;tt2184339;201653;108289;5.6;35;120;282;264;148;89;0;3;9;5;2;3;7;13;20;16;3;6;1;4;6;11;8;3;0;2;4;2;1;0;
Pawn Shop Chronicles;2013;tt1741243;192338;7077;5.9;1;7;17;3;3;2;0;0;0;0;0;0;0;0;0;0;0;0;0;0;0;1;0;0;0;0;0;0;0;0;
Americano;2013;tt2447918;189242;11;7.5;2;5;18;13;8;2;0;0;0;0;0;0;0;0;0;0;0;0;0;0;0;0;0;0;0;0;0;0;0;0;
Les âmes de papier;2013;tt2571540;215989;49;5.6;2;10;3;4;7;3;0;0;0;0;0;0;0;0;0;0;0;0;0;0;0;0;0;0;0;0;0;0;0;0;
The Host;2013;tt1517260;173053;79447;5.9;106;177;185;111;76;78;3;4;5;2;0;0;24;18;22;18;10;5;2;5;5;4;3;3;3;0;1;1;0;1;
Amour & turbulences;2013;tt2298384;209664;2058;6.3;36;113;143;53;28;25;0;0;1;0;0;0;0;0;0;0;0;0;0;0;1;1;0;0;0;0;0;0;0;0;
Caníbal;2013;tt1718747;200213;1774;5.8;0;2;6;0;1;0;1;2;2;2;0;2;0;0;0;0;0;0;0;1;0;0;0;0;0;0;0;0;0;0;
Ana Arabia;2013;tt3092086;222982;121;6.0;1;3;7;6;1;2;0;0;0;0;0;0;0;0;0;0;0;0;0;0;0;0;0;0;0;0;0;0;0;0;
Midnight Stallion;2013;tt2257816;223619;152;4.7;2;0;0;0;0;0;0;0;0;0;0;0;0;0;0;0;0;0;0;0;0;0;0;0;0;0;0;0;0;0;
Angélique;2013;tt2776074;209768;704;6.0;22;42;49;29;31;40;0;0;0;0;0;0;0;0;0;0;0;0;1;0;0;0;1;0;0;0;0;0;0;0;
Angel of the Skies;2013;tt3160230;222222;520;4.0;1;0;0;2;3;3;0;0;0;0;0;0;0;0;0;0;0;0;0;0;0;0;0;0;0;0;0;0;0;0;
Another Me;2013;tt1816608;224278;1947;4.7;0;0;0;0;0;0;0;0;1;3;2;0;0;0;0;0;0;0;0;0;0;1;0;0;0;0;0;0;0;0;
Antboy;2013;tt2436046;223306;737;5.4;0;0;1;8;7;0;0;0;0;0;0;0;0;0;0;0;0;0;0;0;0;0;0;0;0;0;0;0;0;0;
Les Apaches;2013;tt2848070;220880;187;5.8;4;10;31;19;6;11;0;0;0;0;0;0;0;0;0;0;0;0;0;0;0;0;0;0;0;0;0;0;0;0;
Fading Gigolo;2013;tt2258345;204226;15262;6.2;7;34;73;41;10;5;0;2;3;0;1;1;1;6;5;1;1;0;0;0;0;0;0;0;0;0;0;0;0;0;
Aquadro;2013;tt2716374;225414;35;6.5;0;1;0;0;0;0;0;0;0;0;0;0;0;0;0;0;0;0;0;0;0;0;0;0;0;0;0;0;0;0;
Are You Here;2013;tt1545754;175182;7749;5.3;0;0;0;0;0;0;0;0;0;0;0;0;0;0;0;0;0;0;0;0;1;0;0;0;0;0;0;0;0;0;
Raze;2013;tt2111392;200076;3394;5.1;0;3;8;7;6;3;0;0;0;0;0;0;0;0;0;0;0;0;0;0;0;0;0;0;0;0;0;0;0;0;
Identity Thief;2013;tt2024432;196847;81974;5.7;4;14;28;42;20;11;0;1;2;0;2;0;4;4;2;5;1;0;0;1;2;2;5;0;0;0;3;3;0;0;
Arrêtez-moi;2013;tt2290129;194153;204;5.3;20;32;31;27;28;15;0;0;0;0;0;0;0;0;0;0;0;0;0;0;0;0;0;0;0;0;0;0;0;0;
The Art of the Steal;2013;tt2172985;222935;15369;6.3;1;3;10;4;1;0;0;0;1;1;0;0;0;0;0;0;0;0;0;0;1;1;0;0;0;1;2;0;0;0;
Artémis, coeur d'artichaut;2013;tt2767378;222513;24;6.5;1;3;3;0;0;1;0;0;0;0;0;0;0;0;0;0;0;0;0;0;0;0;0;0;0;0;0;0;0;0;
As I Lay Dying;2013;tt1807944;189856;2643;5.4;0;3;6;7;2;1;0;0;0;1;0;0;0;0;0;0;0;0;0;0;0;0;0;0;0;0;0;1;0;0;
Ass Backwards;2013;tt1509788;183022;1578;4.2;0;0;0;1;0;0;0;0;0;0;0;0;0;0;0;0;0;0;0;0;0;0;0;0;0;0;0;0;0;0;
Assassins Run;2013;tt1502417;217568;941;4.4;0;0;1;0;0;0;0;0;0;0;0;0;2;2;2;1;2;0;0;0;0;0;0;0;0;0;0;0;0;0;
Supercollider;2013;tt2326124;226392;213;3.7;0;0;0;1;4;3;0;0;0;0;0;0;0;0;0;0;0;0;0;0;0;0;0;0;0;0;0;0;0;0;
Attila Marcel;2013;tt2474438;54342;1205;7.0;10;32;24;15;5;1;0;0;0;0;0;0;0;0;1;0;0;0;0;0;0;0;0;0;0;0;1;0;0;0;
Au bonheur des ogres;2013;tt2129887;174297;582;6.3;8;45;56;33;12;5;0;0;0;0;0;0;0;0;0;0;0;0;0;0;0;0;0;0;0;0;0;0;0;0;
Au bout du conte;2013;tt2241691;201455;861;6.0;24;137;156;124;51;43;0;0;1;0;0;0;0;0;0;0;0;1;0;0;0;0;0;0;0;0;0;0;0;0;
Tore tanzt;2013;tt2822400;221135;557;6.9;1;3;2;1;0;0;0;0;0;0;0;0;0;0;0;0;0;0;0;0;0;0;0;0;0;0;0;0;0;0;
Avalanche Sharks;2013;tt2622826;221251;755;2.1;2;1;5;1;3;15;0;0;0;0;0;0;0;0;0;0;0;0;0;0;0;0;0;0;0;0;0;0;0;0;
Avant l'hiver;2013;tt2231630;212752;893;6.3;3;19;30;50;17;9;0;0;1;0;0;0;0;0;1;1;0;0;0;0;0;0;0;0;0;0;0;0;0;0;
Emil & Ida i Lönneberga;2013;tt3394878;226430;41;5.2;0;1;0;0;0;0;0;0;0;0;0;0;0;0;0;0;0;0;0;0;0;0;0;0;0;0;0;0;0;0;
The Adventurer: The Curse of the Midas Box;2013;tt1376213;223932;2995;5.4;0;3;4;5;2;1;0;0;0;1;0;0;0;0;0;0;0;0;0;0;0;0;0;0;0;0;0;0;0;0;
500 MPH Storm;2013;tt2518848;218234;1267;2.2;0;0;1;1;1;10;0;0;0;0;0;1;0;0;0;0;0;0;0;0;0;0;0;3;0;0;0;0;0;0;
Aya de Yopougon;2013;tt2077703;194895;151;6.5;8;23;22;7;4;2;0;0;0;0;0;0;0;0;0;0;0;0;0;0;0;0;0;0;0;0;0;0;0;0;
Baby Balloon;2013;tt3331326;228014;32;5.5;2;2;3;3;0;0;0;0;0;0;0;0;0;0;0;0;0;0;0;0;0;0;0;0;0;0;0;0;0;0;
Jackass Presents: Bad Grandpa;2013;tt3063516;186887;69191;6.6;10;22;43;32;15;10;0;0;1;0;1;0;10;4;13;4;1;1;0;1;4;4;2;0;0;1;0;0;0;0;
Bad Words;2013;tt2170299;210042;28839;6.7;0;5;13;6;1;1;0;0;1;0;0;0;0;1;0;0;0;0;0;0;0;0;0;0;0;0;0;0;0;0;
Banklady;2013;tt1798108;199250;274;6.4;0;0;0;0;0;0;0;0;0;0;0;0;0;0;0;0;0;0;1;1;1;0;0;0;0;0;0;0;0;0;
Banshee Chapter;2013;tt2011276;196497;4111;5.5;0;0;0;0;0;0;0;0;0;0;0;0;0;0;0;0;0;0;0;3;0;0;0;0;0;0;0;0;0;0;
Barbie in the Pink Shoes;2013;tt2630134;217259;631;5.1;1;0;1;0;0;0;0;0;0;0;0;0;0;0;0;0;0;0;1;0;0;0;0;0;0;0;0;0;0;0;
Battle of the Damned;2013;tt2210463;215593;2448;4.5;0;1;1;3;2;0;0;0;0;0;0;0;0;0;0;0;0;0;0;0;1;0;0;0;0;0;0;0;0;0;
Before Midnight;2013;tt2209418;208883;75323;8.0;8;17;31;17;6;3;1;3;1;1;1;0;19;8;4;4;3;1;4;2;1;1;0;0;0;2;1;0;1;0;
Bela Kiss: Prologue;2013;tt1830495;200955;423;4.1;0;0;0;0;0;0;0;0;0;0;0;0;0;0;0;0;0;0;0;0;1;1;0;1;0;0;0;0;0;0;
Believe;2013;tt2009606;228866;436;5.5;0;2;5;0;2;0;0;0;0;0;0;0;0;0;0;0;0;0;0;0;0;0;0;0;0;0;0;0;0;0;
Belle;2013;tt2404181;223209;12260;7.4;3;5;4;1;0;0;0;0;3;1;0;0;0;0;0;0;0;0;0;0;0;0;0;0;0;0;0;0;0;0;
Belle et Sébastien;2013;tt3146360;208626;1670;6.8;95;174;89;45;13;8;0;0;0;0;0;0;0;0;1;0;0;0;0;0;0;0;0;0;0;0;0;0;0;0;
Beneath;2013;tt2991296;221332;2204;5.5;0;0;1;1;2;0;0;0;0;0;0;0;0;0;0;0;0;0;0;0;0;2;0;0;0;0;0;0;0;0;
Benim Dünyam;2013;tt3159564;222761;2097;7.4;2;0;0;0;0;0;0;0;0;0;0;0;0;0;0;0;0;0;1;0;0;0;0;0;13;14;4;4;2;4;
Besharam;2013;tt2576450;223602;3670;3.7;0;0;1;0;0;0;0;0;0;0;0;0;0;0;0;0;0;0;0;0;0;0;0;0;0;0;0;0;0;0;
Best Night Ever;2013;tt2499414;221505;1519;3.8;0;0;0;1;0;0;0;0;0;0;0;0;0;0;0;0;0;0;0;0;0;0;0;1;0;0;0;0;0;0;
Bethlehem;2013;tt2915160;223339;1176;7.2;2;12;6;4;0;0;0;0;0;0;0;0;0;0;0;0;1;0;0;1;0;0;0;0;0;0;0;0;0;0;
Bien profond dans ton âme;2013;tt2791018;225285;15;6.2;0;11;2;1;2;0;0;0;0;0;0;0;0;0;0;0;0;0;0;0;0;0;0;0;0;0;0;0;0;0;
Big Bad Wolves;2013;tt2309224;222392;9748;6.8;5;38;29;13;10;3;0;1;3;2;0;0;0;0;0;0;0;0;0;2;1;0;0;0;0;0;0;0;0;0;
Big Sur;2013;tt1462411;192944;1183;5.8;0;0;0;0;0;0;0;0;1;0;0;0;0;0;0;0;0;0;0;0;0;0;0;0;0;0;0;0;0;0;
Biriyani;2013;tt2638104;225598;668;6.0;1;0;0;1;0;0;0;0;0;0;0;0;0;0;0;0;0;0;0;0;0;0;0;0;0;0;0;0;0;0;
Black Nativity;2013;tt1425922;209793;1337;4.2;0;0;0;2;0;0;0;0;0;0;0;0;0;0;0;0;0;0;0;0;0;0;0;0;0;0;0;0;0;0;
Blackbird;2013;tt2963866;220518;54;7.9;6;29;15;2;1;0;0;0;0;0;0;0;0;0;0;0;0;0;0;0;0;0;0;0;0;0;0;0;0;0;
The Bling Ring;2013;tt2132285;204184;57302;5.6;17;75;181;200;109;60;0;1;1;1;1;0;1;6;6;2;3;0;2;1;1;1;3;3;0;0;5;0;0;0;
Blood of Redemption;2013;tt2510268;221367;969;4.5;0;0;1;2;4;1;0;0;0;0;0;0;0;0;0;0;0;0;0;0;0;0;0;0;0;0;0;0;0;0;
Blood Shot;2013;tt1196124;232524;489;3.0;0;0;1;0;0;0;0;0;0;0;0;0;0;0;0;0;0;0;0;0;0;0;0;0;0;0;0;0;0;0;
Blood Ties;2013;tt1747958;199113;10928;6.5;25;77;104;70;38;12;0;0;0;0;0;0;0;0;0;0;0;0;0;5;1;0;0;0;0;2;1;0;0;0;
Blue Caprice;2013;tt2027064;196891;3911;6.0;0;1;1;1;0;0;0;0;0;0;0;0;0;0;0;0;0;0;0;0;0;0;0;0;0;0;0;0;0;0;
Blue Jasmine;2013;tt2334873;206191;123086;7.3;56;283;251;126;38;28;3;11;5;0;1;0;20;27;14;3;0;1;2;6;1;1;1;1;1;6;3;1;0;0;
Blue Ruin;2013;tt2359024;220934;27509;7.1;9;57;71;23;8;4;0;0;1;0;0;0;0;0;0;0;0;0;0;1;1;0;0;0;0;0;0;0;1;0;
Haunt;2013;tt2386278;216770;4794;5.2;0;0;0;0;0;0;0;0;0;0;0;0;0;1;2;4;0;3;0;0;2;0;0;0;0;0;0;0;0;0;
Svecenikova djeca;2013;tt2395421;222806;2255;6.8;0;0;0;0;0;0;0;1;1;0;0;0;4;1;0;0;0;0;0;0;0;0;0;0;0;0;0;0;0;0;
Borgman;2013;tt1954315;220803;8449;6.8;2;11;9;11;4;2;0;0;1;0;0;0;0;0;0;0;0;0;1;3;0;1;0;0;0;0;0;0;0;0;
Boss;2013;tt3667436;224722;21;5.9;0;1;0;0;0;0;0;0;0;0;0;0;0;0;0;0;0;0;0;0;0;0;0;0;0;0;0;0;0;0;
Boule & Bill;2013;tt2538654;134691;289;4.1;27;67;112;121;105;124;0;0;0;0;0;0;0;0;0;0;0;0;0;2;1;0;0;0;0;0;0;0;0;0;
Bounty Killer;2013;tt2369396;44436;4589;5.4;0;10;7;4;8;1;0;0;0;0;0;0;0;0;0;0;0;0;2;0;1;0;0;1;0;0;0;0;0;0;
Breathe In;2013;tt1999987;196811;7501;6.4;0;0;0;0;0;0;0;0;1;0;0;0;0;0;0;0;0;0;0;0;0;0;0;0;0;0;0;0;0;0;
Broken City;2013;tt1235522;138189;56837;6.2;2;23;69;86;16;5;0;0;3;0;1;0;0;0;4;2;0;0;0;1;3;2;0;0;0;0;0;0;1;0;
Bula Quo!;2013;tt2363115;219018;224;3.4;0;0;0;0;0;0;0;0;0;0;0;0;0;0;0;0;0;0;0;1;0;0;0;0;0;0;0;0;0;0;
Hatchet III;2013;tt1870419;219899;4531;5.6;1;5;7;7;4;3;0;0;0;0;0;0;0;0;0;0;0;0;0;0;0;1;0;0;0;0;0;0;0;0;
Cadences obstinées;2013;tt2589070;216916;65;5.2;0;0;3;3;3;1;0;0;0;0;0;0;0;0;0;0;0;0;0;0;0;0;0;0;0;0;0;0;0;0;
Cal;2013;tt2139725;223518;226;5.4;0;0;0;0;1;0;0;0;0;0;0;0;0;0;0;0;0;0;0;0;0;0;0;0;0;0;0;0;0;0;
The Call;2013;tt1911644;193235;76873;6.7;54;221;176;53;28;11;0;2;0;1;0;0;13;17;11;6;1;0;3;7;6;1;0;0;0;9;4;0;0;0;
Can;2013;tt3114180;198931;12;7.2;0;0;0;0;0;0;0;0;0;0;0;0;0;0;0;0;0;0;0;0;0;0;0;0;1;0;1;0;0;0;
Hunting Elephants;2013;tt2295196;222075;551;6.5;0;0;2;2;0;0;0;0;0;0;0;0;0;0;0;0;0;0;0;0;0;0;0;0;0;0;0;0;0;0;
The Canyons;2013;tt2292959;208744;7261;3.9;2;7;19;21;12;7;0;0;0;0;0;0;0;0;0;0;0;0;0;0;0;0;0;0;0;0;0;0;0;0;
Captain Phillips;2013;tt1535109;191696;275715;7.9;155;386;147;45;9;4;7;8;6;2;0;0;48;49;17;2;1;0;5;23;5;1;0;0;1;13;6;2;0;0;
Captive;2013;tt2386203;183143;197;3.7;1;4;15;10;8;5;0;0;0;1;0;0;0;0;0;0;0;0;0;0;0;0;0;0;0;0;0;0;0;0;
Screwed;2013;tt1956618;192538;183;4.1;0;3;6;8;5;0;0;0;0;0;0;0;0;0;0;0;0;0;0;0;0;0;0;0;0;0;0;0;0;0;
